1.9407192468643188
8.906408309936523
2.680283784866333
1.6685086488723755
4.900779724121094
3.999969244003296
5.434728622436523
5.38839054107666
1.5873602628707886
5.143651962280273
8.51294994354248
2.979341983795166
9.370311737060547
0.9161584973335266
8.46866512298584
5.142740726470947
3.2772598266601562
7.984291076660156
8.337760925292969
7.8707380294799805
4.719066619873047
2.680328845977783
2.829833984375
6.959709644317627
9.184798240661621
6.679033279418945
7.59788703918457
1.310884714126587
2.7713398933410645
3.088538408279419
4.444340705871582
3.1276767253875732
7.53302001953125
4.9822678565979
4.979216575622559
7.389608383178711
9.621957778930664
0.03079996258020401
4.881196975708008
2.5784847736358643
9.308684349060059
8.208885192871094
1.4134986400604248
2.12833833694458
9.083126068115234
6.2291259765625
3.7475764751434326
5.3621931076049805
2.1941757202148438
1.6949715614318848
6.712120056152344
9.491242408752441
8.467527389526367
3.1710565090179443
7.311181545257568
0.7365599274635315
6.901167392730713
2.4039804935455322
2.033010721206665
1.6409441232681274
5.036039352416992
3.3168318271636963
0.6936622858047485
6.274242401123047
5.164358139038086
9.256503105163574
2.598275661468506
8.67309284210205
3.5542354583740234
9.45356559753418
1.9188255071640015
6.520966529846191
4.116494178771973
4.638472557067871
5.937262535095215
3.522264242172241
2.3343286514282227
7.18559455871582
4.318144798278809
8.5707426071167
1.6076363325119019
1.8255168199539185
1.41049325466156
3.8057572841644287
7.495668888092041
4.451764106750488
3.5711073875427246
2.112440586090088
6.951598167419434
7.280384063720703
1.840478539466858
7.1449384689331055
7.97382926940918
4.042806625366211
3.004096269607544
2.070485830307007
7.718859672546387
9.197649955749512
5.195293426513672
5.293118000030518
8.593428611755371
2.730912446975708
5.447695732116699
7.793760776519775
8.704561233520508
5.181748390197754
9.98853588104248
4.992189884185791
8.401494026184082
8.042496681213379
5.043905258178711
8.852100372314453
8.56814956665039
8.637837409973145
1.0370969772338867
3.0866100788116455
8.143115997314453
6.134149551391602
2.277857542037964
2.7457683086395264
1.997010350227356
4.431607246398926
3.2175042629241943
5.239569664001465
5.13414192199707
9.331111907958984
1.275640606880188
4.001598358154297
4.294942378997803
3.392315149307251
3.5659945011138916
4.481693267822266
6.258381366729736
6.080639362335205
7.3025994300842285
9.642125129699707
5.713238716125488
3.9448368549346924
4.039229393005371
1.3092536926269531
6.272879600524902
4.278733253479004
1.7561167478561401
6.670354843139648
1.6633044481277466
9.455403327941895
9.175413131713867
2.5718607902526855
3.2491934299468994
9.178304672241211
4.047289848327637
1.721932053565979
7.938282012939453
2.184242010116577
3.32849383354187
3.646230459213257
5.515416145324707
5.2889180183410645
3.581916093826294
8.024067878723145
2.398618698120117
9.217609405517578
7.575986385345459
1.7986880540847778
6.195932388305664
2.3995604515075684
7.048033714294434
3.1859681606292725
2.1283833980560303
1.5583727359771729
8.611495018005371
5.100956916809082
5.227691650390625
7.207666397094727
4.286401748657227
8.626402854919434
0.08205951005220413
1.164009690284729
5.846986770629883
3.709157943725586
3.8565313816070557
4.400267601013184
1.2764474153518677
1.817205786705017
8.916581153869629
1.160966157913208
9.205698013305664
8.472646713256836
8.1781644821167
3.112940549850464
9.436993598937988
6.444101333618164
7.531410217285156
3.575409173965454
5.01258659362793
3.0686559677124023
0.8374362587928772
1.060910701751709
4.211460113525391
1.5564101934432983
9.166910171508789
2.210878610610962
2.0700392723083496
3.4886960983276367
8.97907829284668
4.244509220123291
5.08226203918457
6.017126560211182
5.775070667266846
5.726663589477539
1.533648133277893
8.320601463317871
8.802484512329102
8.702744483947754
2.7906510829925537
2.321533441543579
8.856767654418945
5.1888747215271
3.7887942790985107
2.2296464443206787
2.448965549468994
4.129421234130859
3.34116530418396
2.4089949131011963
1.4917078018188477
6.420138359069824
8.218342781066895
1.7075351476669312
8.44994068145752
7.621918678283691
0.7658490538597107
1.1007691621780396
9.927413940429688
3.734049081802368
7.9966020584106445
7.4748382568359375
3.894099235534668
4.710329532623291
2.591980218887329
1.3620418310165405
3.2477805614471436
1.2857691049575806
3.6060197353363037
1.5090612173080444
9.838509559631348
1.8399244546890259
8.259123802185059
1.4345203638076782
1.916021704673767
5.878005504608154
2.1822752952575684
7.061899185180664
4.840054512023926
5.503704071044922
7.979975700378418
0.21413420140743256
7.014309406280518
8.394387245178223
4.534716606140137
8.739903450012207
6.576366424560547
7.2711286544799805
1.9113469123840332
2.8818039894104004
5.93818998336792
4.311474800109863
7.745621681213379
2.6903979778289795
5.984331130981445
9.653715133666992
4.009603977203369
7.966772079467773
2.354935646057129
6.9890360832214355
4.370990753173828
2.4526946544647217
2.188120126724243
1.8123401403427124
7.780194282531738
8.148364067077637
5.359805107116699
5.749704360961914
7.153355598449707
4.659594535827637
2.572303533554077
1.5985692739486694
8.680182456970215
5.143640041351318
6.59617280960083
0.8289902210235596
1.057205080986023
4.413943290710449
8.962077140808105
8.04743480682373
6.41921329498291
1.3315778970718384
8.495287895202637
5.097053527832031
9.273510932922363
1.9500033855438232
3.1420958042144775
4.867713451385498
3.595250368118286
1.3283125162124634
3.018991708755493
6.170488357543945
3.134843587875366
8.520771980285645
2.3388984203338623
7.498612403869629
2.420663595199585
8.572300910949707
3.6090643405914307
0.40811851620674133
1.4615339040756226
4.010354518890381
3.3284590244293213
7.378864765167236
1.6661053895950317
5.2321295738220215
7.3230671882629395
1.5946321487426758
1.6384130716323853
8.834775924682617
8.403058052062988
0.21863384544849396
3.0363223552703857
5.096085548400879
2.543227434158325
2.4547581672668457
7.483329772949219
2.338226079940796
7.236196994781494
2.6137259006500244
9.136837005615234
1.6960862874984741
5.5253190994262695
6.3625383377075195
8.92553424835205
5.670567989349365
8.384176254272461
7.902186393737793
1.627754807472229
4.3212103843688965
8.909368515014648
3.0088183879852295
6.27912712097168
4.482284069061279
3.589874267578125
8.192968368530273
2.4999301433563232
1.393650770187378
6.245660781860352
3.990987539291382
6.393352508544922
2.6940062046051025
3.2488739490509033
2.1561920642852783
0.9417833685874939
9.486771583557129
4.871570110321045
7.003768444061279
9.235451698303223
8.846539497375488
1.0262316465377808
5.604823589324951
6.993498802185059
9.21213150024414
4.59188985824585
5.863219261169434
1.2768443822860718
3.1721370220184326
1.161821961402893
1.2165354490280151
4.152005195617676
6.227009296417236
2.8686764240264893
5.511684894561768
8.254819869995117
4.444977760314941
0.9026192426681519
1.6468027830123901
3.2646324634552
9.805499076843262
9.29377555847168
2.715630531311035
5.673905849456787
1.961652398109436
1.3915446996688843
8.236786842346191
2.3793468475341797
2.3403542041778564
1.5013707876205444
1.4445300102233887
9.164824485778809
2.930757999420166
1.9716495275497437
0.9838146567344666
0.0
4.758531093597412
5.588409423828125
2.6357932090759277
8.490641593933105
5.7238054275512695
6.697309494018555
9.224157333374023
8.133469581604004
2.9087672233581543
6.627056121826172
8.773937225341797
1.9104883670806885
9.56550121307373
6.994410514831543
7.000325679779053
8.503300666809082
3.899402379989624
1.3377888202667236
7.6607866287231445
6.1905741691589355
1.954990267753601
1.9245377779006958
1.7022238969802856
4.548553943634033
3.780771493911743
0.9468368887901306
1.877814531326294
9.249341011047363
7.192530632019043
5.159967422485352
5.652692794799805
1.6970518827438354
9.121787071228027
8.348551750183105
2.661437749862671
8.174039840698242
2.7894997596740723
9.723882675170898
1.4468950033187866
4.449399948120117
3.9866485595703125
3.4476187229156494
4.374111175537109
8.866744041442871
7.835818290710449
8.662806510925293
7.163151264190674
0.7767389416694641
2.4373748302459717
2.2670257091522217
2.258910655975342
4.2974114418029785
2.813110589981079
10.0
2.3576300144195557
7.643435001373291
2.1598665714263916
6.49666166305542
9.072696685791016
7.756885051727295
8.592240333557129
3.045076370239258
0.7802895903587341
2.698471784591675
3.416060209274292
8.386398315429688
2.020643949508667
1.6676791906356812
0.0
2.99161696434021
7.996870994567871
1.190017580986023
10.0
2.7856085300445557
1.3021618127822876
7.884997844696045
1.3909679651260376
8.348105430603027
8.3080415725708
3.573335886001587
2.6465721130371094
2.6629817485809326
7.599178791046143
9.462677955627441
4.576528549194336
0.7148416638374329
1.5478787422180176
6.209989547729492
1.9996901750564575
8.852296829223633
7.666385650634766
3.362718343734741
1.0970616340637207
2.007535696029663
7.682523727416992
2.349520683288574
3.7446649074554443
8.850160598754883
1.6281651258468628
7.256990432739258
8.749283790588379
8.956465721130371
9.061104774475098
9.141266822814941
2.5908632278442383
2.4882025718688965
2.1168603897094727
4.906193733215332
8.579384803771973
9.153670310974121
2.279116630554199
4.38343620300293
7.630190849304199
2.4355275630950928
6.6678385734558105
4.7453999519348145
8.04300308227539
3.7337911128997803
7.02797794342041
2.6447441577911377
6.442131042480469
2.342719793319702
9.212506294250488
2.9389822483062744
3.8212382793426514
3.204908609390259
2.028834104537964
7.118409156799316
1.8915890455245972
0.5896384119987488
8.010846138000488
3.5390844345092773
1.7496070861816406
7.350467681884766
1.0596128702163696
6.041118621826172
2.9004805088043213
8.038575172424316
3.602579116821289
4.952748775482178
1.7723227739334106
5.308834075927734
7.717072486877441
0.05736721307039261
0.5010343194007874
2.952179193496704
8.929960250854492
1.7166311740875244
5.735902786254883
2.7432761192321777
2.4791228771209717
0.9332738518714905
9.269166946411133
5.549961090087891
3.998854398727417
6.250542163848877
7.695403099060059
1.6061192750930786
2.1561601161956787
0.5839463472366333
8.210638999938965
4.252606391906738
5.541903495788574
9.287869453430176
4.490015983581543
2.47536301612854
8.505766868591309
1.9972327947616577
7.899172782897949
8.334102630615234
3.3419764041900635
1.0923337936401367
9.41549301147461
1.7454270124435425
9.0726900100708
9.623233795166016
8.772431373596191
1.8579570055007935
5.105644702911377
1.7153891324996948
8.962973594665527
4.410021781921387
1.3822377920150757
7.408839702606201
0.0
8.101759910583496
2.897958278656006
3.651357412338257
1.5523741245269775
9.036382675170898
6.569382667541504
3.1796224117279053
7.55378532409668
3.0109903812408447
3.2275195121765137
9.747247695922852
4.618596076965332
8.055880546569824
2.1415064334869385
3.4773831367492676
1.0503698587417603
4.087841987609863
7.1789140701293945
8.483636856079102
1.7412370443344116
3.7865724563598633
3.706054449081421
8.98803424835205
1.2531894445419312
8.410009384155273
1.6471329927444458
4.329963684082031
8.173093795776367
2.4890668392181396
2.5261547565460205
2.9864470958709717
2.9299261569976807
1.7817602157592773
4.4470367431640625
4.625296115875244
1.4985244274139404
5.397759437561035
3.858721971511841
7.691714286804199
4.653200149536133
9.730685234069824
1.9956172704696655
5.71226692199707
0.0
9.490774154663086
4.744068145751953
8.637801170349121
5.705738544464111
9.126269340515137
7.333832740783691
3.863325595855713
7.800159454345703
2.6402573585510254
1.623700499534607
3.9804604053497314
9.158774375915527
2.9702303409576416
2.651001214981079
1.6204832792282104
8.082551956176758
3.7786788940429688
0.4454761743545532
3.5299413204193115
0.7955840229988098
1.3451483249664307
3.0993635654449463
3.3369433879852295
1.6292442083358765
0.901386559009552
4.963519096374512
1.6439720392227173
6.075992107391357
7.880746841430664
4.157158374786377
1.45212721824646
3.6230666637420654
2.6582090854644775
6.382861137390137
1.139845371246338
8.492115020751953
3.1081972122192383
4.82070255279541
0.47505509853363037
5.297676086425781
2.3078153133392334
2.0424726009368896
3.1079647541046143
0.10876680165529251
9.758719444274902
1.0439739227294922
3.215369939804077
1.1051889657974243
1.9644999504089355
3.1742520332336426
9.372786521911621
5.183600425720215
0.9889287352561951
5.106305122375488
1.7806501388549805
6.256744384765625
3.3010714054107666
7.944770336151123
6.448972702026367
1.7485408782958984
5.493307113647461
3.532529830932617
2.683715581893921
4.1019792556762695
3.1125681400299072
9.273783683776855
9.527153015136719
9.484430313110352
5.444669723510742
1.6674892902374268
2.54532790184021
5.569906711578369
9.103737831115723
1.3500349521636963
3.2594363689422607
5.145938873291016
2.231569290161133
3.1193020343780518
1.152841329574585
1.5258615016937256
0.8089009523391724
8.36921215057373
7.802134037017822
1.4130827188491821
8.44714641571045
7.220678329467773
2.311377763748169
7.444944381713867
1.6015669107437134
8.922981262207031
5.189255714416504
2.9534246921539307
8.241129875183105
2.36869215965271
1.356927514076233
1.7475061416625977
1.9490504264831543
8.451696395874023
7.507391929626465
2.491063356399536
3.656705617904663
8.576103210449219
7.4635467529296875
6.006068229675293
4.669325828552246
3.302776575088501
1.0968953371047974
3.272799253463745
6.499472141265869
5.134997367858887
5.088615417480469
3.6966683864593506
1.6140333414077759
7.763208389282227
7.462596893310547
2.6801469326019287
1.4299685955047607
8.45876407623291
8.670013427734375
9.439574241638184
8.317978858947754
0.05111487954854965
6.200654029846191
4.4151201248168945
3.6741890907287598
5.972902297973633
8.807238578796387
4.109078884124756
8.616353034973145
1.960120677947998
4.6085286140441895
5.3202643394470215
7.678357124328613
4.868316650390625
9.29536247253418
9.077483177185059
5.219153881072998
9.008954048156738
1.0940600633621216
2.902750253677368
5.389652252197266
7.5381693840026855
8.543380737304688
7.381279945373535
3.7242512702941895
8.68459415435791
4.4970574378967285
2.741936206817627
6.740232467651367
7.032888412475586
5.316215991973877
4.304975986480713
1.0990453958511353
1.7452783584594727
3.115042209625244
9.38766860961914
1.299257516860962
2.456510543823242
9.370686531066895
4.564694404602051
7.224310874938965
1.9428974390029907
1.351467490196228
3.590160608291626
3.660837411880493
0.9937097430229187
3.198305130004883
7.540492057800293
2.276735305786133
4.910488605499268
8.078920364379883
8.807259559631348
4.303393363952637
8.880021095275879
2.5376510620117188
3.1595208644866943
3.1071817874908447
9.236865997314453
5.097228527069092
1.4751249551773071
5.0897321701049805
0.664449155330658
7.911668300628662
5.554421901702881
2.0982673168182373
3.488489866256714
3.706218957901001
2.3460628986358643
8.674022674560547
3.8157882690429688
5.142995834350586
5.099688529968262
7.280240058898926
8.643390655517578
9.373061180114746
3.8937604427337646
0.8278951048851013
5.329707145690918
8.692306518554688
5.365414142608643
9.145055770874023
5.441410541534424
4.066045761108398
6.117126941680908
3.61029314994812
7.711891174316406
9.476828575134277
3.8539412021636963
3.219115972518921
4.618265151977539
3.6757285594940186
6.658895492553711
5.175698757171631
4.453904151916504
4.601161003112793
1.3662828207015991
1.161868929862976
2.888997793197632
1.3167508840560913
8.181282997131348
2.2753264904022217
2.292829990386963
0.6828850507736206
8.202558517456055
1.3966572284698486
1.0029370784759521
7.294099807739258
0.4888477921485901
5.063521385192871
4.373556137084961
7.04449462890625
8.784368515014648
8.827136993408203
5.7976484298706055
5.436922073364258
4.698607444763184
5.207545280456543
5.0298848152160645
4.106345176696777
5.717048645019531
4.496549606323242
3.8581528663635254
1.5630345344543457
8.599183082580566
8.017984390258789
3.979205369949341
2.1011509895324707
9.938578605651855
1.9993818998336792
4.180633544921875
4.599905967712402
7.547126770019531
0.6976591944694519
7.911316871643066
1.4283819198608398
8.182356834411621
4.876766204833984
1.6256440877914429
1.1926413774490356
3.3601720333099365
6.994381904602051
7.393168926239014
2.5378410816192627
7.721225738525391
0.8981953859329224
3.6129419803619385
4.288636207580566
0.29972589015960693
4.9632086753845215
8.609740257263184
1.988495111465454
4.0984416007995605
3.8339412212371826
5.161470890045166
2.3269383907318115
2.210399866104126
1.1868847608566284
4.209959983825684
7.702724456787109
2.6415998935699463
2.4636545181274414
1.8820756673812866
9.848915100097656
1.583609938621521
4.9689764976501465
1.7343237400054932
7.8811211585998535
4.734098434448242
2.6278531551361084
5.846693992614746
3.2848618030548096
7.6493000984191895
2.034524440765381
1.3302444219589233
5.973128318786621
2.0851006507873535
1.637271523475647
3.4852235317230225
8.908804893493652
4.378392219543457
1.3221913576126099
2.552865743637085
1.548996090888977
9.28438949584961
4.564143180847168
1.6888518333435059
8.062112808227539
9.418209075927734
5.904581069946289
6.367445945739746
9.730917930603027
6.043522834777832
2.5550053119659424
8.532255172729492
8.076404571533203
0.5376412272453308
1.9234849214553833
6.565342426300049
1.852837085723877
2.2992007732391357
1.2659766674041748
2.265503168106079
3.2167844772338867
7.383033752441406
3.9041731357574463
8.320062637329102
1.4748061895370483
9.040911674499512
10.0
3.1918699741363525
1.72854745388031
4.533390998840332
7.524909973144531
6.267091751098633
5.6466522216796875
4.163534164428711
1.0043549537658691
7.248481273651123
2.1409573554992676
6.545864582061768
0.002981371246278286
5.566753387451172
2.1317880153656006
3.8965535163879395
1.059463381767273
1.1178451776504517
2.359023332595825
4.0685224533081055
9.178834915161133
4.612607002258301
1.6864131689071655
9.21739673614502
6.258495807647705
5.2597808837890625
1.8966165781021118
3.6049344539642334
0.9380311965942383
2.0172393321990967
2.5322461128234863
2.1213204860687256
0.9509303569793701
6.148616313934326
3.0969998836517334
0.981578528881073
8.402323722839355
4.249624252319336
7.5949530601501465
4.761133193969727
3.0869648456573486
7.637050628662109
4.432366371154785
7.074472427368164
