1.8143690824508667
10.290976524353027
2.106936454772949
0.6734679937362671
4.248542308807373
4.975330829620361
4.622280120849609
4.177114486694336
0.6580774784088135
6.340886116027832
6.5664567947387695
5.053062915802002
4.984497547149658
1.0608575344085693
5.727008819580078
5.2074151039123535
2.4699628353118896
5.65076208114624
7.110440731048584
6.919791221618652
2.163742780685425
7.431987762451172
7.197076797485352
3.424178123474121
8.10058307647705
8.418744087219238
4.503998756408691
1.1947802305221558
6.43455171585083
8.07435131072998
3.057054042816162
6.830071926116943
7.748753547668457
3.611607551574707
5.630984306335449
4.839200019836426
9.782169342041016
0.7649610042572021
8.737309455871582
0.9860007762908936
7.433394908905029
4.126051902770996
-0.38652461767196655
4.177715301513672
9.261582374572754
7.879359722137451
4.001719951629639
1.3048150539398193
5.559325218200684
0.07993872463703156
4.076301097869873
7.779305458068848
9.14380931854248
5.192702770233154
6.6636962890625
-0.05046318471431732
8.511796951293945
6.2693095207214355
5.669567108154297
1.3888036012649536
4.2913970947265625
4.250442028045654
1.8047821521759033
4.633083820343018
5.4264445304870605
8.245319366455078
4.578715801239014
7.681465148925781
5.604362487792969
6.854249477386475
1.4181010723114014
8.938741683959961
3.6682159900665283
7.5462965965271
8.308141708374023
5.32508659362793
4.581546783447266
9.747504234313965
7.401831150054932
8.88314151763916
6.408830642700195
5.087033271789551
1.0615880489349365
4.525798797607422
4.930715084075928
0.8640221357345581
4.268126487731934
5.54321813583374
5.214280605316162
1.4682546854019165
1.6934223175048828
1.326162576675415
7.248067855834961
3.2973814010620117
4.414716720581055
4.395170211791992
8.923287391662598
9.251936912536621
6.253032684326172
4.8177385330200195
7.381418228149414
5.231781005859375
3.727444887161255
4.482571601867676
3.385499954223633
3.143397331237793
8.669709205627441
3.830923557281494
6.865299701690674
3.9191455841064453
8.996050834655762
7.869468688964844
9.568597793579102
6.022510528564453
4.582527160644531
7.368324279785156
8.0902738571167
5.022469520568848
1.8251960277557373
2.388631820678711
4.301715850830078
4.325870513916016
4.74168586730957
4.062461853027344
1.5184303522109985
8.215556144714355
1.8598453998565674
6.273115158081055
9.018427848815918
0.6862332820892334
2.6112046241760254
4.426544666290283
8.869277954101562
8.380730628967285
6.374077796936035
7.591670513153076
7.220017910003662
3.055520534515381
4.40886926651001
2.2029242515563965
7.821281909942627
8.07580280303955
1.868452787399292
2.677156925201416
2.277996301651001
8.557089805603027
8.456328392028809
1.436431646347046
3.215174436569214
7.81074333190918
2.1848998069763184
1.7510931491851807
8.397161483764648
3.7595410346984863
4.985562801361084
5.432747840881348
4.09224796295166
3.5741140842437744
2.9697227478027344
5.732795715332031
3.5490167140960693
8.279019355773926
3.6763455867767334
3.0251874923706055
5.430666923522949
2.8670923709869385
6.934289455413818
7.0951128005981445
2.4199020862579346
4.01088809967041
8.393365859985352
4.142256259918213
5.522644519805908
-0.04744245111942291
6.095423698425293
7.800562381744385
2.4737820625305176
6.345921039581299
8.984156608581543
7.629182815551758
2.272122859954834
6.52962064743042
1.228995680809021
1.1040784120559692
7.410128116607666
1.6969122886657715
8.600281715393066
4.922227382659912
6.4739580154418945
5.926955699920654
8.857063293457031
4.290327548980713
6.217896938323975
1.6921395063400269
3.75388765335083
2.4352145195007324
0.1107105016708374
4.799502372741699
6.959107398986816
2.9867889881134033
8.355199813842773
5.438098430633545
6.8065290451049805
9.096680641174316
9.381294250488281
4.291068077087402
6.663326740264893
2.4590985774993896
7.849478721618652
6.866547584533691
0.8574416041374207
8.843535423278809
9.670971870422363
5.800314903259277
2.2015433311462402
8.641698837280273
8.874327659606934
6.700952529907227
2.0238635540008545
3.285792827606201
4.051031112670898
6.044981002807617
2.759045124053955
6.433555603027344
1.9642101526260376
6.392691135406494
4.116726398468018
0.9612775444984436
9.165892601013184
7.166050910949707
2.021575689315796
5.957183837890625
9.50272274017334
3.3251771926879883
6.315997123718262
6.386146068572998
2.2628705501556396
8.797157287597656
3.986457347869873
1.949078917503357
3.589629888534546
7.12597131729126
4.087588310241699
2.5799691677093506
7.264276027679443
-1.0361202955245972
5.512173652648926
1.6198893785476685
1.3143812417984009
7.136719703674316
2.4357597827911377
4.096145153045654
3.9183080196380615
4.114319801330566
7.890241622924805
1.7816836833953857
9.214666366577148
6.168331146240234
7.9162797927856445
2.038633108139038
6.842787742614746
9.46765422821045
8.394597053527832
5.467499256134033
5.929474830627441
2.302320957183838
7.839407920837402
0.5268312096595764
8.268797874450684
9.257326126098633
2.9967098236083984
8.232905387878418
5.0989837646484375
5.800925254821777
6.1117448806762695
4.345132827758789
1.5151236057281494
2.9865713119506836
6.368281364440918
3.5791072845458984
5.138971328735352
5.6950812339782715
5.574682235717773
4.390262126922607
9.9978666305542
3.849665880203247
7.603227615356445
6.821798324584961
9.408364295959473
3.6303212642669678
1.315423846244812
6.083110332489014
8.449309349060059
6.541928291320801
8.508858680725098
1.7327494621276855
5.70902156829834
5.115870952606201
8.812642097473145
5.542510032653809
2.5525007247924805
8.502884864807129
6.867923259735107
3.021458148956299
3.6021032333374023
5.718855857849121
2.8612236976623535
8.210302352905273
3.352684736251831
7.356404781341553
4.191146373748779
6.6328840255737305
3.593269109725952
-0.5330711603164673
1.7916958332061768
1.9358136653900146
7.431735992431641
3.4217495918273926
6.296525955200195
2.361696720123291
8.357219696044922
2.384272336959839
0.8149548172950745
10.011215209960938
4.014024257659912
-0.6519123315811157
4.61646842956543
3.375889539718628
2.3693902492523193
-0.5372867584228516
7.7797040939331055
1.586914300918579
8.61050033569336
1.2761479616165161
6.952783584594727
6.162606239318848
4.451451778411865
7.627296447753906
8.321390151977539
6.716148853302002
5.3763556480407715
4.631061553955078
1.2413759231567383
3.6259961128234863
8.170177459716797
6.737682342529297
6.115050315856934
5.292746543884277
4.610208988189697
4.959155082702637
4.380767822265625
7.232049942016602
8.221211433410645
2.607076406478882
5.778415679931641
2.1215245723724365
4.066508769989014
4.315882682800293
1.9978922605514526
8.660672187805176
6.253677845001221
7.373623847961426
6.50380802154541
6.872736930847168
2.0189061164855957
6.982030868530273
8.056954383850098
9.802203178405762
4.609983444213867
8.938775062561035
1.502418875694275
2.377335548400879
5.203036308288574
3.421860694885254
2.0623950958251953
7.288351535797119
7.199818134307861
4.982076168060303
5.624590873718262
1.877834439277649
0.23822848498821259
0.9027615785598755
4.251791477203369
8.904805183410645
9.673616409301758
5.592227935791016
3.281726837158203
4.102139949798584
1.162875771522522
10.116215705871582
1.835036277770996
7.498622417449951
1.8365931510925293
2.3553972244262695
4.9618635177612305
6.436535835266113
0.7577764391899109
4.115744590759277
-1.3054298162460327
3.951249122619629
4.37718391418457
3.2752904891967773
8.734696388244629
7.035770416259766
6.652718544006348
7.794419288635254
3.458754539489746
5.391468524932861
3.723875045776367
5.0265302658081055
0.17498613893985748
9.175557136535645
7.146134376525879
7.720423698425293
7.049352645874023
3.541525363922119
2.7917025089263916
6.3369011878967285
8.967635154724121
5.088467121124268
5.693683624267578
1.9942511320114136
5.985955715179443
6.755958557128906
-0.231968492269516
4.603677749633789
9.081335067749023
4.563065528869629
8.947233200073242
3.5137577056884766
0.8160119652748108
9.343350410461426
9.264233589172363
4.102100849151611
9.486002922058105
5.485169887542725
8.365845680236816
4.853387355804443
2.136600971221924
3.980103015899658
2.040013313293457
7.040310382843018
6.636536598205566
8.888628959655762
6.978457450866699
3.1526412963867188
0.787189245223999
-0.48497238755226135
3.0146470069885254
2.4185357093811035
3.673943519592285
3.41536808013916
10.285107612609863
4.614451885223389
6.406342029571533
1.189086675643921
5.116420745849609
7.448915958404541
10.103150367736816
9.118388175964355
3.884340763092041
1.8396284580230713
3.257354497909546
1.6859947443008423
7.5353240966796875
7.035207748413086
0.5333967208862305
0.33978697657585144
2.799968719482422
5.5443339347839355
2.975937843322754
9.492329597473145
5.1644392013549805
1.5570038557052612
8.813166618347168
1.6814388036727905
9.432822227478027
6.868780612945557
6.879321098327637
0.9344702959060669
5.8326005935668945
3.2434091567993164
6.559598922729492
5.132514953613281
4.527445316314697
1.8513299226760864
6.416172504425049
6.1761474609375
8.1736421585083
7.468634128570557
2.9891626834869385
4.743412017822266
5.150413990020752
6.113134860992432
1.8919458389282227
1.7088284492492676
5.855381488800049
5.128007888793945
6.736927032470703
8.960204124450684
10.423849105834961
6.47782564163208
2.2091660499572754
5.990713119506836
3.3046786785125732
8.182085990905762
2.0743956565856934
6.1856489181518555
8.41900634765625
1.9993904829025269
3.604921340942383
4.648150444030762
0.5796237587928772
4.419011116027832
5.644509792327881
5.984391212463379
6.819075584411621
0.7148244976997375
4.888759613037109
9.916287422180176
2.9675002098083496
6.407651901245117
3.8832056522369385
1.591341257095337
7.2352142333984375
2.6892518997192383
7.643537521362305
1.8193267583847046
3.219909191131592
7.4113850593566895
5.751723289489746
0.9368259906768799
7.808473587036133
-0.6756079792976379
7.1815080642700195
1.7911244630813599
3.2513320446014404
3.076035261154175
1.8021286725997925
6.167325496673584
6.1373090744018555
5.155853271484375
1.2807493209838867
2.1737008094787598
4.861536502838135
9.365509986877441
0.7122130393981934
4.909655570983887
4.206315994262695
6.227122783660889
0.9947067499160767
7.823738098144531
3.923975944519043
6.427455902099609
8.442195892333984
8.139177322387695
2.977094888687134
0.8554472327232361
1.2986860275268555
7.001422882080078
2.5630195140838623
5.214264869689941
9.967248916625977
3.5254602432250977
0.4738796353340149
9.36361312866211
5.179941654205322
4.393434524536133
7.014278888702393
3.8719098567962646
0.11697472631931305
9.04371452331543
-0.19703315198421478
9.877069473266602
8.629497528076172
8.791836738586426
4.405941963195801
4.221643447875977
2.9242360591888428
7.924403190612793
3.923678159713745
3.153047561645508
8.312225341796875
2.6193549633026123
9.33581829071045
6.687910079956055
1.1027499437332153
4.410948276519775
0.6547554731369019
4.070128917694092
1.9020088911056519
3.7781896591186523
1.604313850402832
0.8706223368644714
8.203526496887207
5.63254976272583
7.188699722290039
4.993001937866211
6.691411018371582
5.350266456604004
5.413331508636475
8.549752235412598
8.90117359161377
2.632918119430542
4.971324920654297
6.426812171936035
6.699183464050293
4.091866493225098
9.501405715942383
6.54045295715332
6.388824462890625
6.890924453735352
5.3593854904174805
1.7117468118667603
1.657462477684021
1.6272779703140259
7.702702522277832
3.62874698638916
3.2738661766052246
5.273405075073242
4.256143569946289
1.3478379249572754
4.892183303833008
2.303788900375366
7.703797340393066
2.179659366607666
-0.4359923005104065
-0.12149526178836823
8.572800636291504
4.974339008331299
8.433886528015137
1.9237829446792603
8.126116752624512
5.575351715087891
5.045672416687012
5.43528413772583
2.404627561569214
7.630668640136719
3.430145263671875
7.257659435272217
1.6579316854476929
9.565988540649414
1.494682788848877
7.937294006347656
5.255666732788086
6.663355827331543
5.449626445770264
3.729013442993164
2.294558048248291
3.196201801300049
3.6233997344970703
1.5772522687911987
2.217711925506592
3.6958608627319336
4.035998821258545
7.0272908210754395
6.789095878601074
2.970010280609131
4.190252304077148
0.342364639043808
1.8236571550369263
2.616281509399414
4.48519229888916
9.284937858581543
0.8388822078704834
7.039021015167236
1.3429776430130005
4.806771755218506
2.4386706352233887
4.227087497711182
7.874403953552246
-1.0345638990402222
9.242752075195312
0.6883029937744141
2.0924813747406006
4.136650562286377
2.5541281700134277
1.3381361961364746
7.892764091491699
2.334536552429199
0.09715184569358826
6.841963768005371
3.3083107471466064
6.363155364990234
0.9345868825912476
6.771269798278809
8.054381370544434
3.382279396057129
7.233844757080078
2.3250789642333984
4.410463809967041
4.025160312652588
3.5628223419189453
8.668660163879395
9.408760070800781
9.749354362487793
7.108864784240723
0.9378018975257874
1.8978264331817627
7.289127349853516
8.274442672729492
2.692410469055176
4.843376636505127
7.297743797302246
4.0676493644714355
4.886383533477783
4.419828414916992
3.858793258666992
1.5980064868927002
7.293388366699219
7.997352600097656
4.484728813171387
6.652705192565918
6.18804931640625
4.690255165100098
8.854398727416992
4.229401588439941
8.950837135314941
6.7510881423950195
1.8404074907302856
8.336762428283691
2.433906078338623
4.538846492767334
4.647933006286621
0.002087070606648922
2.0317676067352295
6.083797454833984
2.5677876472473145
2.3470568656921387
5.2105889320373535
3.2402424812316895
3.1528801918029785
2.0228164196014404
3.7875916957855225
2.515582799911499
1.1694416999816895
2.4150047302246094
3.8648791313171387
9.308371543884277
6.738680839538574
2.4862565994262695
8.941666603088379
7.010318756103516
1.645901083946228
0.6565489768981934
6.027626037597656
5.181431770324707
7.335882186889648
7.886394500732422
0.9629920721054077
6.631124973297119
1.7389957904815674
5.764859676361084
6.921969890594482
7.275769233703613
2.4502196311950684
6.7418012619018555
-0.8533070087432861
5.4242987632751465
5.5909271240234375
5.171873092651367
7.578893661499023
9.30550765991211
8.121673583984375
6.943248748779297
10.324210166931152
1.57476806640625
2.643465995788574
7.274101257324219
0.5219637155532837
6.499752044677734
6.600472450256348
2.8790626525878906
9.427704811096191
6.296121120452881
1.7728582620620728
5.107956409454346
9.129507064819336
4.241674900054932
4.3366780281066895
1.9887911081314087
2.2397451400756836
1.6629704236984253
8.553873062133789
8.689949989318848
4.080329895019531
8.74158763885498
3.2071592807769775
8.090319633483887
4.221778392791748
1.9104737043380737
4.570249080657959
4.434388160705566
-1.0770148038864136
3.0834293365478516
8.800873756408691
-0.35889944434165955
4.979604721069336
8.08717155456543
8.163829803466797
4.139166355133057
7.204240798950195
6.153802394866943
2.1728415489196777
8.334952354431152
10.640874862670898
4.226203918457031
3.833782196044922
5.34668493270874
2.8452224731445312
4.696385383605957
4.323307991027832
7.042052745819092
1.8847205638885498
2.017947196960449
1.8422868251800537
3.942349433898926
3.636584520339966
6.900604248046875
3.0622520446777344
4.789071083068848
7.057331562042236
9.542905807495117
6.949999809265137
5.745491027832031
3.787367343902588
6.511030673980713
8.598851203918457
7.835023403167725
4.291904449462891
1.321161150932312
9.266117095947266
4.79596471786499
6.395990371704102
8.908016204833984
3.9546351432800293
3.63655161857605
6.005319595336914
4.209948539733887
8.339479446411133
2.5414788722991943
4.865776062011719
3.5978140830993652
7.683638572692871
1.3072104454040527
2.707777500152588
2.8691141605377197
7.417199611663818
3.797713279724121
1.4803848266601562
2.1499719619750977
8.622597694396973
4.95750617980957
3.1942009925842285
5.43427848815918
4.1360273361206055
6.079105854034424
4.39886474609375
6.599749565124512
10.136972427368164
9.062145233154297
6.871420383453369
2.6300902366638184
5.574911117553711
2.1537420749664307
3.713789701461792
5.897518157958984
4.511960029602051
4.168622016906738
8.101489067077637
3.1520614624023438
3.5905566215515137
7.659142971038818
4.4849724769592285
2.985323905944824
9.533675193786621
4.228460311889648
7.87975549697876
4.513140678405762
2.790574789047241
0.6765621900558472
7.253693580627441
0.4957869052886963
8.89754581451416
2.268179416656494
4.416211128234863
0.5705844163894653
7.301718235015869
1.5766360759735107
1.584594488143921
4.054589748382568
5.541655540466309
3.366358757019043
3.5392868518829346
4.652728080749512
-0.5596827268600464
-0.09253738820552826
8.300274848937988
2.914792537689209
4.706440448760986
5.7380051612854
7.2834577560424805
6.939875602722168
2.677131414413452
0.8655709028244019
5.029653549194336
3.9034929275512695
3.9845449924468994
3.6223232746124268
2.7504634857177734
8.260065078735352
3.2521181106567383
7.322739601135254
2.1827454566955566
7.102130889892578
5.081777572631836
8.9863862991333
7.347336769104004
5.568264961242676
9.202912330627441
2.0853404998779297
5.022727012634277
7.821380615234375
0.941195547580719
0.7985009551048279
5.380697250366211
6.165201187133789
3.622182846069336
4.617150783538818
4.010438919067383
2.0193188190460205
8.98508071899414
4.4945478439331055
7.306343078613281
8.411596298217773
8.758782386779785
5.846309185028076
4.152489185333252
8.590070724487305
4.9012675285339355
3.9596004486083984
8.916439056396484
9.027461051940918
0.8606137037277222
5.2748332023620605
7.174650192260742
5.100739479064941
1.429822564125061
5.111854076385498
3.9508583545684814
3.250642776489258
7.879378795623779
4.1576337814331055
6.30465030670166
1.1324504613876343
7.859513759613037
9.231528282165527
3.0990238189697266
0.07798261940479279
4.524930477142334
9.257716178894043
7.40861177444458
6.210267543792725
5.670212745666504
3.285520553588867
2.731856107711792
4.6450324058532715
7.995845794677734
0.8758777976036072
5.905202865600586
1.7642873525619507
5.159517288208008
7.129924774169922
2.4004290103912354
1.9579828977584839
6.3941850662231445
9.452131271362305
7.348179817199707
-0.4053632318973541
9.304862022399902
6.115026950836182
7.5656328201293945
2.942817449569702
3.4841644763946533
7.4966325759887695
1.3673551082611084
7.747226715087891
5.912784576416016
1.7219865322113037
8.923014640808105
5.95858907699585
0.3261299133300781
8.264988899230957
4.082880973815918
8.490063667297363
4.799445152282715
7.073565483093262
6.808579444885254
7.960962295532227
7.756377220153809
