1.2559466361999512
7.770559310913086
1.3503175973892212
1.2787859439849854
3.8305084705352783
4.849706649780273
3.279446601867676
2.761441707611084
0.8865687251091003
3.5911335945129395
6.991477012634277
4.515610694885254
6.649621486663818
1.555328607559204
0.8277559876441956
4.942657470703125
2.5858826637268066
6.728904724121094
6.9442877769470215
6.850935935974121
2.755894184112549
3.915771484375
7.970043659210205
2.7925431728363037
7.479599952697754
6.389310836791992
5.370880126953125
0.8639764785766602
6.146750450134277
7.818224906921387
3.8039700984954834
6.667109489440918
7.486638069152832
3.7778379917144775
3.2963273525238037
2.925173044204712
7.216601371765137
0.29492464661598206
6.715933799743652
1.06887686252594
7.467730522155762
1.4759252071380615
0.8497267365455627
4.516427993774414
7.482259273529053
6.612137794494629
3.919940233230591
0.8251221776008606
2.2799978256225586
1.3842471837997437
4.385194301605225
7.9115376472473145
7.112941265106201
3.6302616596221924
5.727879047393799
0.2783413231372833
7.591046333312988
5.831570625305176
3.9253108501434326
1.32867431640625
2.832866907119751
3.9297518730163574
2.181932210922241
4.208549499511719
2.2209596633911133
8.035025596618652
4.350616931915283
4.738365173339844
6.568007946014404
6.898694038391113
2.1451401710510254
7.236403465270996
3.113286256790161
4.703112602233887
6.319846153259277
7.096517086029053
5.45348596572876
7.299430847167969
5.679969787597656
7.253522872924805
4.990349769592285
5.533143997192383
2.019235372543335
3.9820311069488525
5.342113971710205
1.2056947946548462
3.918210506439209
4.827507972717285
6.9419145584106445
1.796438455581665
3.478224992752075
3.798769474029541
5.9945855140686035
3.4963266849517822
3.9794061183929443
4.1725754737854
7.993755340576172
7.656576633453369
3.705949068069458
3.449139356613159
7.037624359130859
2.7287747859954834
1.726975440979004
6.027167797088623
2.7803547382354736
2.3295185565948486
7.9192728996276855
4.498270034790039
6.490772247314453
2.2714478969573975
6.835097789764404
6.018180847167969
7.538119316101074
7.450011730194092
6.183972358703613
5.134924411773682
6.779132843017578
5.04376220703125
1.1826963424682617
2.636894702911377
4.520400047302246
2.4813833236694336
4.223263740539551
6.264013767242432
2.7683308124542236
7.526493072509766
2.504566192626953
6.210911750793457
7.794143199920654
1.2715638875961304
2.8877127170562744
4.405109405517578
7.043951988220215
6.177060127258301
6.833104133605957
6.758027076721191
6.466226100921631
2.7975895404815674
4.07689094543457
2.195063591003418
4.536214351654053
4.7811079025268555
2.3566858768463135
3.2166881561279297
1.0001004934310913
7.113811492919922
7.390787124633789
2.1886703968048096
2.475019693374634
5.870859146118164
3.2655727863311768
1.040187954902649
6.521698951721191
4.298989772796631
5.804574012756348
2.030740737915039
3.9202730655670166
4.124209403991699
2.902221918106079
7.323744773864746
5.929744720458984
7.181023120880127
4.365546226501465
1.210017442703247
6.023317337036133
1.8391286134719849
6.495044708251953
6.161984443664551
2.3640668392181396
6.163790702819824
7.590360164642334
3.191196918487549
3.7794106006622314
3.105455160140991
4.89085578918457
5.172776222229004
1.7154792547225952
5.528745651245117
7.5623979568481445
6.864367485046387
2.630286455154419
5.7849225997924805
0.49579641222953796
1.4709126949310303
7.511902332305908
0.8766556978225708
7.232927322387695
4.3802900314331055
5.101949691772461
3.6127729415893555
7.409845352172852
5.771965026855469
5.583641052246094
1.5436336994171143
3.108471155166626
1.9925485849380493
0.36446133255958557
2.9572184085845947
7.044865131378174
4.110382080078125
7.018834114074707
5.156309604644775
2.443619966506958
7.2169694900512695
8.177886962890625
6.487161636352539
6.140562534332275
2.4765326976776123
6.871438026428223
5.836370944976807
2.957509756088257
7.418116569519043
7.6663007736206055
3.681297779083252
3.3616654872894287
7.982488632202148
7.828473091125488
4.554399490356445
1.09565007686615
2.6273372173309326
2.6559202671051025
4.710796356201172
4.147477149963379
3.038205862045288
1.0413899421691895
5.298897743225098
3.8798253536224365
2.1607813835144043
7.9354400634765625
5.861255645751953
3.65647029876709
3.8349838256835938
6.362652778625488
2.727411985397339
5.024717330932617
7.863615989685059
2.131314277648926
7.176694393157959
2.512136697769165
1.921340823173523
4.518609523773193
6.021610260009766
4.941044807434082
3.8796465396881104
8.389967918395996
1.155738115310669
5.716407775878906
1.0900460481643677
1.6432565450668335
5.509669303894043
2.2813894748687744
4.043028831481934
4.897717475891113
3.7530291080474854
6.743344306945801
0.5102254748344421
7.1351776123046875
4.837882041931152
6.390121936798096
2.1298153400421143
5.204496383666992
7.966094970703125
6.846190452575684
3.9268345832824707
4.750265598297119
1.9192365407943726
7.103635787963867
1.4234777688980103
6.287485122680664
7.971504211425781
3.445768117904663
6.254945755004883
4.759997844696045
6.414463996887207
5.720217227935791
5.629964828491211
1.4723867177963257
3.240626096725464
7.519383430480957
3.6793625354766846
2.6181352138519287
6.23372745513916
4.262261390686035
2.789081335067749
6.2743730545043945
2.2053072452545166
5.907286643981934
4.022686958312988
7.751527786254883
1.9219642877578735
1.8504306077957153
3.7909209728240967
7.237756252288818
7.611780166625977
7.092655181884766
1.8462940454483032
6.3189921379089355
3.437528371810913
7.3174591064453125
4.5229668617248535
2.699509382247925
7.173796653747559
4.15910005569458
2.761913537979126
3.315957546234131
4.03575325012207
2.477903127670288
7.7586870193481445
3.0662810802459717
7.088809967041016
4.337206840515137
6.826648712158203
2.9105098247528076
0.35352203249931335
1.3994629383087158
1.9043960571289062
6.672800540924072
4.406189441680908
2.3484585285186768
2.9808597564697266
5.984679698944092
3.3697292804718018
1.4372727870941162
7.73581600189209
7.468216896057129
0.6718460321426392
2.900792360305786
4.78700065612793
3.4392001628875732
0.924405574798584
6.03817081451416
1.4895269870758057
7.684467315673828
1.9549440145492554
4.102770805358887
6.009548187255859
4.803173065185547
6.901501655578613
7.679294586181641
6.175734043121338
7.159161567687988
5.201664924621582
0.7999587655067444
4.6063642501831055
6.936919212341309
5.247365951538086
5.7458086013793945
3.9234859943389893
2.826676368713379
6.963771820068359
2.883539915084839
4.803349494934082
6.638062477111816
2.389211893081665
6.175646781921387
1.9474064111709595
2.1262266635894775
5.4250335693359375
1.499945044517517
7.861958026885986
5.1181745529174805
4.855676651000977
6.742995262145996
7.653899669647217
2.0603811740875244
5.033907890319824
7.059049606323242
7.910940647125244
4.242542266845703
6.29946231842041
1.5145725011825562
3.605037212371826
4.554635524749756
2.433523416519165
2.477508783340454
6.188177108764648
5.858960151672363
4.065771102905273
7.534544944763184
0.8879507184028625
1.2935543060302734
0.5173237323760986
3.696566343307495
8.150572776794434
7.686232566833496
5.029868125915527
2.3696787357330322
3.28204345703125
1.8843852281570435
7.923224449157715
2.3413302898406982
6.458725929260254
2.0162553787231445
2.219817638397217
3.3564507961273193
4.507362365722656
0.8741357326507568
3.068493366241455
0.3934423625469208
3.5603086948394775
4.583364486694336
3.643718719482422
7.361021995544434
6.82685661315918
7.253962516784668
6.918744087219238
3.595449686050415
5.802608489990234
5.131735801696777
7.383142471313477
1.4732130765914917
8.366698265075684
7.314146041870117
6.241930961608887
7.507035732269287
2.7109196186065674
2.506864547729492
5.510979652404785
7.675522804260254
3.3586177825927734
4.617288112640381
1.2999283075332642
5.42071533203125
4.084863662719727
0.6271604895591736
3.289372682571411
8.190520286560059
4.812917709350586
7.235065460205078
3.4817750453948975
0.9779217839241028
7.653704643249512
7.831577301025391
3.662198781967163
7.77617073059082
7.300684452056885
6.651381492614746
4.198098659515381
1.0389600992202759
3.401472806930542
2.8150136470794678
5.282283782958984
7.480020523071289
8.3192720413208
6.6669840812683105
2.7427971363067627
1.1714938879013062
1.8009459972381592
4.005677223205566
2.253166913986206
3.966155767440796
2.9959588050842285
8.149043083190918
6.53316068649292
4.442888259887695
2.222278356552124
5.613481521606445
7.481778144836426
7.793501853942871
8.097737312316895
3.142784833908081
1.4680914878845215
4.323495864868164
1.27422297000885
7.632694721221924
5.686880588531494
0.8393556475639343
0.7415419220924377
2.829540252685547
4.039931297302246
2.5431675910949707
7.743472576141357
2.3977599143981934
2.2473556995391846
7.418882369995117
2.330592155456543
8.007912635803223
7.716078758239746
6.28441858291626
0.8430500626564026
6.319238662719727
3.582249164581299
7.051355361938477
5.360028266906738
3.5474884510040283
1.535930871963501
5.766135215759277
4.527414321899414
7.263401508331299
6.907612323760986
4.405589580535889
5.415884017944336
4.732701778411865
5.654410362243652
1.1701297760009766
2.9849255084991455
4.720244407653809
5.953523635864258
6.441553592681885
7.260669708251953
7.15311336517334
6.883205413818359
4.567076683044434
5.7175798416137695
2.99825382232666
7.702988624572754
2.8972418308258057
4.470443248748779
7.529747009277344
2.0807485580444336
2.7239742279052734
2.937028646469116
1.5243293046951294
5.845341682434082
2.2897465229034424
6.134241104125977
5.50600528717041
1.535996675491333
6.439223289489746
7.791500091552734
1.3026973009109497
6.941894054412842
4.141848564147949
2.3670570850372314
5.252191543579102
2.3618829250335693
5.686200141906738
3.7338693141937256
2.7233939170837402
6.878172874450684
6.025185585021973
0.9465608596801758
6.239473819732666
1.063866138458252
6.342075347900391
1.8510398864746094
4.851306438446045
3.4815173149108887
1.5531691312789917
6.172252178192139
5.361425399780273
6.67661714553833
1.5917978286743164
1.5699816942214966
5.546304225921631
7.927739143371582
1.825324535369873
5.082968235015869
3.6375279426574707
6.741979122161865
0.7419074177742004
7.3021159172058105
5.121031284332275
3.986862897872925
5.5166120529174805
6.775761127471924
1.6650267839431763
1.4708772897720337
1.750932216644287
6.529737949371338
2.5574424266815186
4.002192974090576
7.703484535217285
3.2984158992767334
1.270662784576416
7.290144443511963
4.659928798675537
4.097161769866943
7.204652786254883
3.184732675552368
0.7886242270469666
8.133827209472656
1.4726554155349731
8.120044708251953
7.973390579223633
7.437638282775879
5.758789539337158
3.235656499862671
3.9334378242492676
7.299770355224609
4.095136642456055
3.4692554473876953
7.824197292327881
0.83900386095047
8.20910930633545
6.3801679611206055
2.205540895462036
3.7842600345611572
1.2165220975875854
3.5051205158233643
2.190706729888916
7.383285999298096
2.571894884109497
3.4520585536956787
8.06386661529541
4.785712242126465
5.45930814743042
5.485156059265137
5.226486682891846
3.023772954940796
4.802633285522461
7.322625160217285
5.87209415435791
3.6053881645202637
4.100379943847656
5.738094806671143
5.917244911193848
3.8460533618927
6.542922019958496
4.324682235717773
4.933279991149902
6.051002502441406
5.997696876525879
1.2586767673492432
2.4801571369171143
1.5807970762252808
5.790566921234131
3.4783332347869873
4.4319658279418945
4.402765274047852
3.806549072265625
2.4217476844787598
4.953908920288086
3.648923635482788
7.377585411071777
3.647242784500122
3.28475022315979
0.2494620829820633
7.936864852905273
6.378684997558594
7.072106838226318
3.070962905883789
7.101952075958252
6.031044006347656
4.183440685272217
5.88807487487793
3.787590742111206
2.6362900733947754
3.8521015644073486
7.337188720703125
0.7510992884635925
7.889817714691162
1.0314936637878418
6.444167137145996
4.976174354553223
3.7476491928100586
4.171254634857178
1.6360288858413696
4.928211212158203
3.48830246925354
3.3276584148406982
2.825928211212158
1.9792720079421997
4.4921674728393555
4.41862678527832
5.229532241821289
6.809206008911133
3.1236050128936768
2.2807512283325195
1.2136526107788086
2.349147081375122
2.931511402130127
1.8136730194091797
7.506346225738525
1.3118784427642822
6.931218147277832
0.9161011576652527
4.427556991577148
3.1047163009643555
5.510447025299072
4.318399429321289
0.7182298302650452
8.157073020935059
0.6731880903244019
3.954498291015625
3.2117769718170166
2.334827184677124
2.527984857559204
6.756557941436768
2.6502513885498047
0.9269878268241882
5.084203720092773
4.8431854248046875
4.807518005371094
0.8683962225914001
7.212042808532715
7.191263675689697
1.9129420518875122
7.095928192138672
3.017632246017456
4.631923198699951
6.462248802185059
1.6055248975753784
7.319377899169922
7.925642013549805
6.905971527099609
5.465530872344971
1.429316759109497
1.076849341392517
6.47920560836792
7.64810848236084
7.299384117126465
6.039088726043701
6.077976226806641
4.36335563659668
4.258429527282715
3.0132298469543457
3.5253260135650635
0.9754825234413147
4.869410037994385
7.329959392547607
3.7588043212890625
5.6082353591918945
5.160743713378906
2.715684652328491
6.99786376953125
3.3210108280181885
7.864192008972168
6.112399578094482
1.316818118095398
6.528637886047363
1.7250746488571167
2.3651046752929688
4.777710437774658
1.132142186164856
1.6803017854690552
6.533914089202881
3.699690341949463
3.3951923847198486
4.959312915802002
3.02079701423645
3.048729658126831
1.5614614486694336
4.241014003753662
1.5317260026931763
2.4380943775177
2.6182262897491455
4.5823469161987305
7.425268173217773
7.702637672424316
1.9519292116165161
6.980802536010742
5.649009704589844
1.8498460054397583
1.4254778623580933
4.176029205322266
3.4689478874206543
7.405214309692383
7.95478630065918
0.4182133376598358
5.50114631652832
3.2275454998016357
4.512607574462891
5.323616027832031
7.6510910987854
3.343452215194702
6.490832805633545
1.8139392137527466
3.315568447113037
4.938870906829834
6.736456871032715
5.458762168884277
7.315507888793945
7.3147172927856445
5.359899520874023
8.068269729614258
2.8096351623535156
2.669369697570801
7.143435478210449
0.44523829221725464
5.697658538818359
5.7219061851501465
1.7044669389724731
7.922562122344971
6.014626502990723
1.7894426584243774
5.904597282409668
7.3586931228637695
3.7406013011932373
3.761535882949829
1.9144548177719116
2.8676350116729736
0.705912172794342
7.599250793457031
7.787407398223877
2.8730106353759766
7.826000213623047
2.9093639850616455
6.319709777832031
5.630855560302734
1.1831568479537964
3.3944270610809326
5.4151716232299805
1.2155026197433472
2.781956195831299
7.476634979248047
2.001661777496338
4.760793685913086
7.005799293518066
5.647393226623535
6.370533466339111
7.567482948303223
4.995454788208008
2.9304072856903076
5.285665512084961
7.696192741394043
4.2488532066345215
3.105255126953125
3.8281378746032715
1.928328275680542
5.481719493865967
5.300218105316162
6.634259223937988
3.4057300090789795
1.4304922819137573
1.2922037839889526
3.112105131149292
2.6047234535217285
5.674186706542969
3.2589287757873535
5.497140884399414
7.371329307556152
7.7443437576293945
5.279971122741699
2.838136672973633
3.5218005180358887
4.813788890838623
7.717473030090332
6.051321029663086
6.247434139251709
2.3590445518493652
7.281826972961426
3.700617790222168
6.93084192276001
7.641075134277344
4.828929424285889
3.4324278831481934
5.487556457519531
3.4661645889282227
6.542324066162109
3.6680657863616943
5.1971564292907715
3.809497117996216
6.681656837463379
1.3081251382827759
3.650070905685425
5.026460647583008
7.321176052093506
6.231801986694336
0.8747565150260925
4.502207279205322
7.554827690124512
4.979480743408203
2.1384143829345703
6.338440895080566
3.4537694454193115
5.704288482666016
4.08392333984375
6.380180835723877
7.45950984954834
7.621227264404297
7.212711334228516
3.5389888286590576
4.627500534057617
2.9199459552764893
2.9231314659118652
5.866422653198242
3.669722318649292
4.219564914703369
5.5575971603393555
2.7827484607696533
2.5147578716278076
5.8893585205078125
4.353570461273193
3.5743887424468994
8.38844108581543
3.3116555213928223
5.639932155609131
4.5370941162109375
3.480229139328003
0.5972046256065369
5.763450622558594
2.4409379959106445
6.8568806648254395
2.1380913257598877
4.5798749923706055
0.5485784411430359
5.419395446777344
1.5334659814834595
2.443035364151001
4.656589508056641
4.069893836975098
5.120813369750977
4.066568374633789
5.370280742645264
0.7646033763885498
1.0303763151168823
6.369231700897217
4.223746299743652
4.543078422546387
4.99791145324707
6.905407905578613
6.130871772766113
1.1775952577590942
1.8234491348266602
3.5109522342681885
2.033918619155884
3.8727269172668457
1.8743863105773926
3.1141393184661865
7.1170525550842285
3.724210262298584
6.5401740074157715
2.1594133377075195
4.621955871582031
3.3910436630249023
7.773027420043945
7.182801723480225
4.421608924865723
6.7223944664001465
2.0254530906677246
3.0998499393463135
6.3228302001953125
0.9376804828643799
1.0172168016433716
3.3156681060791016
4.450930595397949
1.6991254091262817
3.4530532360076904
6.239993095397949
0.8044995665550232
6.833811283111572
2.4977784156799316
5.090686798095703
7.455857276916504
7.96202278137207
7.324663162231445
3.314836263656616
6.744056224822998
5.476319789886475
1.85389244556427
7.3986711502075195
7.032182693481445
1.2764328718185425
5.945619583129883
6.254602909088135
3.819854974746704
0.8388303518295288
4.442811965942383
3.317986249923706
2.6778085231781006
7.2062177658081055
5.116385459899902
7.387481689453125
1.727904200553894
6.902875900268555
8.151204109191895
3.0474324226379395
0.8376437425613403
3.7475850582122803
7.890415668487549
6.358376502990723
5.736157417297363
6.593755722045898
5.161446571350098
2.817035675048828
2.7058725357055664
6.892170429229736
1.1699858903884888
4.8712639808654785
2.665438652038574
4.413155555725098
6.792849540710449
1.9033278226852417
1.9254063367843628
5.651025772094727
5.9442901611328125
5.424659729003906
0.24701113998889923
7.9526801109313965
6.388185024261475
5.976914882659912
0.7978580594062805
4.190946102142334
6.448257923126221
1.4661785364151
6.910650253295898
4.027915954589844
1.8316231966018677
5.975223541259766
4.667069435119629
1.8114970922470093
7.437051773071289
5.011640548706055
6.965360641479492
5.430948734283447
3.613642930984497
7.236501693725586
7.654529094696045
5.941827774047852
