4.161985397338867
8.45893669128418
1.272569179534912
1.8739579916000366
4.179112911224365
2.636514902114868
7.66820764541626
4.551342487335205
1.7309601306915283
7.0646843910217285
8.131829261779785
1.7188403606414795
5.858112812042236
1.5803797245025635
0.9901592135429382
5.053499698638916
1.6959248781204224
7.091708660125732
7.157129287719727
7.968547344207764
1.7848608493804932
7.121999263763428
7.991351127624512
2.166642427444458
7.5956244468688965
4.43851375579834
7.623788833618164
1.380392074584961
6.32959508895874
7.070259094238281
5.7469682693481445
3.7354156970977783
7.764907360076904
4.82404088973999
5.998408794403076
6.460261821746826
7.355850696563721
1.1584229469299316
7.174372673034668
3.101566791534424
6.292908191680908
5.197072505950928
1.7710446119308472
4.146045207977295
8.204533576965332
6.237515926361084
4.002229690551758
3.2486915588378906
2.2478232383728027
2.0865049362182617
3.26552152633667
7.854841232299805
5.567944049835205
8.140290260314941
3.2122979164123535
5.801340579986572
7.585536003112793
2.6834163665771484
3.994511127471924
4.073938846588135
2.7684168815612793
5.298887729644775
2.043501853942871
6.012138843536377
6.068718433380127
6.239770412445068
4.331904411315918
8.357026100158691
5.976987361907959
8.32162857055664
2.205944061279297
6.363553524017334
2.4102163314819336
6.171653747558594
6.196876049041748
5.582810878753662
3.8033642768859863
7.992897987365723
3.6534347534179688
7.997164249420166
5.888901233673096
2.9111697673797607
2.798827648162842
5.484748363494873
4.65886116027832
3.631511688232422
2.5099315643310547
2.396897315979004
6.586080551147461
2.631302833557129
1.9343539476394653
6.695115089416504
5.677587509155273
4.9805073738098145
4.183642387390137
1.9090880155563354
6.015894412994385
8.790602684020996
5.530930995941162
6.980745792388916
7.882998466491699
2.2524313926696777
4.951904296875
5.564768314361572
5.14120626449585
6.339177131652832
8.14084529876709
3.952742576599121
7.715658664703369
2.894275665283203
6.872958183288574
7.392307281494141
7.5330681800842285
8.389678955078125
5.7792744636535645
7.3452582359313965
6.437701225280762
3.8726084232330322
2.131877899169922
7.354677677154541
2.2054734230041504
5.749967098236084
5.843630313873291
4.366159439086914
1.5166571140289307
7.912990570068359
5.841157913208008
5.736082077026367
6.086482048034668
3.006598472595215
6.973396301269531
4.085643291473389
6.653818607330322
6.9405694007873535
7.4004716873168945
7.6191792488098145
7.868988037109375
5.976505756378174
7.102339267730713
2.1548550128936768
6.508298397064209
5.573159217834473
2.710282564163208
4.263814449310303
2.447294235229492
8.157386779785156
7.939736843109131
1.8541572093963623
3.2074122428894043
7.147851943969727
5.981468677520752
1.7475786209106445
7.767453670501709
2.479184150695801
3.6125059127807617
1.8082196712493896
4.307437896728516
2.6992292404174805
3.154994010925293
8.119990348815918
3.837618350982666
8.316923141479492
7.297018527984619
4.605572700500488
8.11514949798584
2.493934154510498
7.06049108505249
6.771611213684082
8.277983665466309
2.948305606842041
8.75637435913086
6.311356067657471
7.1522722244262695
1.4593048095703125
7.3008809089660645
6.157466411590576
1.6710665225982666
3.293286085128784
7.611945152282715
2.9863853454589844
3.592719554901123
4.563096523284912
1.9270031452178955
1.7665268182754517
8.131871223449707
2.16914701461792
7.982454776763916
6.668542861938477
8.013474464416504
3.4663233757019043
7.969058990478516
4.008676052093506
7.203311920166016
1.615855097770691
3.2387540340423584
3.9344077110290527
1.7829804420471191
1.2439463138580322
7.29094934463501
2.1321752071380615
6.614517688751221
1.4613014459609985
2.4926328659057617
5.999053955078125
8.22128677368164
4.192619323730469
3.5580978393554688
3.647681951522827
7.98749303817749
4.0409698486328125
1.2734731435775757
7.826923847198486
7.515798091888428
7.242184638977051
1.5236399173736572
8.41376781463623
8.32508373260498
4.970022201538086
5.981995105743408
2.055079936981201
8.541732788085938
6.9818196296691895
1.847143292427063
2.07865309715271
2.6985673904418945
4.600340843200684
4.930643081665039
2.052091121673584
8.758770942687988
6.838298797607422
2.211124897003174
1.559088945388794
8.054871559143066
4.995721340179443
4.799684524536133
4.224670886993408
2.8995814323425293
8.05914306640625
4.914108753204346
4.092658042907715
4.506300449371338
3.352138042449951
5.608063697814941
7.122160911560059
8.569491386413574
2.0558412075042725
7.616150379180908
0.9894922971725464
2.1873879432678223
6.477867603302002
1.992477536201477
5.856503009796143
6.10358190536499
6.67026424407959
6.448119163513184
3.414789915084839
5.148705959320068
3.9696483612060547
3.334231376647949
2.548471450805664
7.608402729034424
6.821156978607178
4.138553142547607
4.603993892669678
6.254600524902344
3.619025468826294
8.182648658752441
6.837838649749756
7.019206523895264
7.727878093719482
2.8559420108795166
7.386580944061279
1.8366572856903076
7.383881092071533
3.729031801223755
6.0937886238098145
2.6240081787109375
2.5836896896362305
4.318174839019775
7.959425449371338
4.568358421325684
6.501457691192627
5.381554126739502
1.29453444480896
4.966222286224365
1.5565431118011475
7.049057483673096
7.083590507507324
2.8213648796081543
0.8450339436531067
2.2042102813720703
7.344662666320801
7.723634243011475
5.13032865524292
5.941456317901611
1.4777411222457886
8.311963081359863
4.690964221954346
8.283552169799805
1.0287365913391113
2.8249125480651855
4.253563404083252
7.55575704574585
6.638327598571777
2.115215539932251
6.286104679107666
3.737637519836426
4.042263031005859
6.161319255828857
7.534040927886963
1.2159786224365234
7.6028289794921875
4.913210391998291
2.056889533996582
6.356827259063721
3.7884788513183594
6.506295680999756
6.609525680541992
6.544865131378174
3.8277673721313477
2.841381072998047
5.1528239250183105
1.3889846801757812
8.070220947265625
5.89542818069458
0.9617529511451721
7.248147487640381
3.800572395324707
4.778921604156494
1.5946776866912842
8.257713317871094
2.0274341106414795
7.900024890899658
1.73369300365448
7.443278789520264
2.5861802101135254
7.127661228179932
8.018601417541504
7.7926506996154785
6.135345458984375
4.248056888580322
6.439479827880859
2.0244569778442383
4.476240634918213
8.328595161437988
4.404258728027344
1.7425904273986816
3.709092617034912
3.9025700092315674
5.649578094482422
5.5000762939453125
2.3102774620056152
5.546750545501709
2.6994171142578125
5.363996505737305
2.736560344696045
4.228968620300293
1.7625558376312256
1.1771512031555176
8.27017593383789
4.475729465484619
6.8423871994018555
7.880095958709717
7.7591376304626465
2.408111572265625
4.8740081787109375
7.529053211212158
8.291114807128906
7.0599141120910645
6.684659004211426
5.4009222984313965
2.96240496635437
2.369243621826172
2.836294174194336
5.8088579177856445
5.772293567657471
3.4679524898529053
4.388804912567139
7.054962635040283
5.074990749359131
1.7963311672210693
1.3182778358459473
2.694401502609253
8.403117179870605
8.322550773620605
3.0310893058776855
4.024111747741699
1.9271479845046997
3.109304666519165
8.022102355957031
2.852637767791748
4.455345153808594
3.0000061988830566
3.437365770339966
7.454668045043945
7.852255821228027
2.1329727172851562
3.588488817214966
0.917043149471283
3.8185513019561768
5.391310214996338
1.9035714864730835
8.22653865814209
6.520103931427002
7.86354398727417
7.835672378540039
8.157109260559082
4.423704624176025
5.081515789031982
8.186467170715332
1.8629496097564697
8.416247367858887
4.209751129150391
7.290621757507324
6.605244159698486
3.4179725646972656
3.432222604751587
7.022836685180664
3.731266975402832
2.2722527980804443
4.9983601570129395
1.9637237787246704
1.955060362815857
5.513984203338623
1.237678050994873
4.227649211883545
7.714627265930176
8.048879623413086
7.003552436828613
6.325516700744629
1.661433458328247
7.971699237823486
8.1617431640625
5.400539398193359
7.471081256866455
1.6777865886688232
4.402334213256836
2.1550817489624023
3.7889509201049805
5.3441691398620605
2.7347545623779297
6.131526470184326
7.909256458282471
8.335399627685547
7.0329766273498535
2.538649082183838
1.2264198064804077
3.2841615676879883
3.341855049133301
2.9724602699279785
3.058135509490967
4.078061103820801
8.57437515258789
2.422480821609497
5.685393810272217
4.045151233673096
4.26373815536499
5.26863431930542
7.238290309906006
7.902089595794678
3.0635170936584473
2.054687976837158
4.599073886871338
3.490999460220337
5.316697120666504
2.409804105758667
1.0859339237213135
1.068353533744812
4.598129749298096
4.661731243133545
1.9196279048919678
8.348355293273926
4.3184943199157715
2.989954948425293
5.652385234832764
3.810809850692749
8.002710342407227
7.958907127380371
4.506862163543701
1.2681357860565186
2.5357606410980225
3.156543016433716
6.6887054443359375
6.783841133117676
2.194413185119629
1.3548649549484253
7.952255725860596
1.6382689476013184
7.7805094718933105
7.363766193389893
4.217862129211426
4.9682183265686035
7.249143600463867
7.84924840927124
3.3928775787353516
2.2540950775146484
7.996523380279541
7.213595390319824
4.171055316925049
8.08333969116211
8.24515151977539
7.368936061859131
3.913621664047241
4.01645040512085
4.0291337966918945
1.1496243476867676
3.6561548709869385
1.28914213180542
7.906045436859131
6.138193607330322
7.069242000579834
1.8255382776260376
0.7641686797142029
5.824865341186523
7.163601398468018
7.409007549285889
4.807528018951416
1.9050071239471436
4.806247711181641
8.457947731018066
5.861976146697998
7.376010417938232
4.714222431182861
4.703596115112305
4.6302809715271
7.914890766143799
7.342031002044678
3.1967663764953613
1.8083226680755615
7.595238208770752
5.094274520874023
1.8873391151428223
6.777892589569092
1.2677221298217773
1.944422960281372
2.616406202316284
5.463912487030029
5.608429431915283
1.7849514484405518
5.024655818939209
4.863028049468994
4.420652389526367
1.4770790338516235
2.152806282043457
2.054539680480957
8.102605819702148
1.1869072914123535
4.899743556976318
3.9766464233398438
3.692521810531616
1.218526005744934
8.046792030334473
3.620586395263672
8.008237838745117
6.626667022705078
7.241469860076904
1.8220216035842896
2.9969847202301025
1.7701034545898438
7.634592533111572
2.30564546585083
4.717970371246338
8.213220596313477
2.7589364051818848
2.0385544300079346
7.941115856170654
5.748820781707764
6.2228193283081055
6.3495707511901855
3.990901470184326
1.0023220777511597
8.870584487915039
2.6225478649139404
7.5220465660095215
8.227407455444336
8.100957870483398
1.8034615516662598
3.3147130012512207
4.691622734069824
4.569460391998291
6.921250820159912
1.9213035106658936
7.886054039001465
0.9958396553993225
8.012247085571289
2.212671995162964
1.1885780096054077
1.420945405960083
2.4197702407836914
5.98925256729126
3.2392454147338867
6.59423303604126
1.932867407798767
3.4321014881134033
8.304900169372559
5.401377201080322
7.036262512207031
5.960281848907471
3.141085147857666
7.583531856536865
5.701789379119873
7.7245965003967285
7.915278911590576
3.65956449508667
4.3665595054626465
4.298438549041748
7.452148914337158
3.755005359649658
6.974049091339111
4.631803512573242
6.837987899780273
4.789724826812744
5.000145435333252
1.8274219036102295
5.008913516998291
2.5901694297790527
5.584300994873047
3.9370198249816895
5.532435894012451
6.041976451873779
3.6654105186462402
1.38450026512146
7.636247158050537
2.2703793048858643
8.328020095825195
1.6287977695465088
7.928502082824707
1.7432520389556885
7.8887810707092285
6.777713775634766
8.086925506591797
2.998582601547241
8.551806449890137
5.19883394241333
2.7695155143737793
2.751620292663574
1.7366389036178589
2.6635003089904785
4.787577152252197
7.859388828277588
1.475853443145752
5.566252708435059
2.882718086242676
7.772035121917725
5.732865810394287
2.465602397918701
4.3637919425964355
3.1891884803771973
7.455212116241455
4.674379825592041
7.66229772567749
3.6188573837280273
3.8033177852630615
3.805504560470581
3.1340880393981934
8.099108695983887
6.215579032897949
4.9849138259887695
5.023921489715576
1.5319349765777588
1.8185462951660156
2.499540328979492
3.7560908794403076
7.091857433319092
1.9406951665878296
6.983601093292236
0.48626241087913513
6.094150543212891
4.006245136260986
1.662960171699524
5.2580695152282715
1.5316951274871826
8.142476081848145
4.570989608764648
4.406229496002197
1.4934450387954712
1.83347487449646
1.9772155284881592
7.0611891746521
5.701329708099365
0.757199227809906
6.572281360626221
2.354862928390503
6.436141490936279
3.057070255279541
7.202723026275635
8.158610343933105
3.7876017093658447
8.008846282958984
4.704312324523926
3.1023173332214355
1.9350576400756836
2.498328447341919
7.911840438842773
8.014935493469238
8.183119773864746
3.689317226409912
3.531571388244629
5.250739574432373
5.47221040725708
8.081542015075684
1.0980772972106934
4.3335723876953125
7.62360954284668
7.963451862335205
2.6157140731811523
1.5295871496200562
1.4840021133422852
1.7252302169799805
7.658546447753906
6.452662467956543
1.0043445825576782
3.1190483570098877
5.645261764526367
3.7449352741241455
6.327162742614746
3.8186655044555664
8.02455997467041
4.931546688079834
2.5296621322631836
4.352370262145996
4.967160701751709
6.556570529937744
3.5564444065093994
1.412662148475647
5.180720329284668
7.171851634979248
4.436539173126221
2.890665054321289
5.635412693023682
8.011280059814453
5.607264995574951
2.8860464096069336
6.472190856933594
1.6760824918746948
3.5436208248138428
6.898687839508057
4.980244159698486
7.295038223266602
8.504422187805176
1.6695359945297241
7.738426685333252
6.506082057952881
1.8153533935546875
1.1487071514129639
3.0652432441711426
4.173140048980713
8.613411903381348
7.972111225128174
1.0327165126800537
6.760341644287109
4.132250785827637
4.111847400665283
8.217610359191895
7.946110725402832
4.800136089324951
6.612451076507568
1.8971481323242188
4.350593090057373
3.690080165863037
6.368663311004639
6.248937129974365
8.557676315307617
7.865872859954834
6.971224308013916
8.145011901855469
2.2317309379577637
4.445593357086182
8.28210163116455
3.141753673553467
7.364414691925049
4.456942081451416
0.8826257586479187
8.099285125732422
4.907431125640869
2.4201104640960693
4.648767948150635
7.4234619140625
4.358930587768555
1.8007080554962158
2.3540868759155273
1.9285264015197754
3.1646533012390137
8.304423332214355
1.5887223482131958
3.296496868133545
8.541478157043457
2.947999954223633
6.443230152130127
4.541097164154053
7.572573184967041
5.7638044357299805
8.056232452392578
1.109021544456482
1.6280436515808105
8.001317024230957
1.3464895486831665
4.839615345001221
8.27780818939209
6.12727689743042
5.425017833709717
7.722471714019775
1.7153820991516113
1.6729099750518799
5.234096050262451
8.393717765808105
5.366483211517334
4.350268840789795
3.9322681427001953
1.688475489616394
5.248188018798828
5.02701997756958
5.5252861976623535
1.6871669292449951
4.346960544586182
2.281017303466797
6.222173690795898
2.5488216876983643
8.129267692565918
4.726720333099365
7.487208366394043
7.079503536224365
8.381443977355957
6.776551723480225
3.8375823497772217
3.515308380126953
1.8783117532730103
7.113205432891846
7.818191051483154
4.16089391708374
4.403743267059326
6.466789245605469
3.054197311401367
8.359649658203125
7.990922451019287
5.506806373596191
5.340597152709961
7.620634078979492
4.11088228225708
7.955475330352783
6.241485118865967
5.435924530029297
4.5499091148376465
2.916860580444336
2.5304083824157715
5.8372368812561035
2.2265360355377197
7.171191692352295
3.3526549339294434
3.654484748840332
3.944998264312744
8.302741050720215
5.005473613739014
2.274709701538086
7.170866966247559
0.6750436425209045
5.9033942222595215
4.4794697761535645
7.855515956878662
7.53456449508667
7.757803916931152
7.630896091461182
1.7116559743881226
5.134929656982422
4.7706298828125
2.1942801475524902
4.390170574188232
5.759890079498291
4.419336795806885
5.084292888641357
6.8788275718688965
6.4494099617004395
8.329278945922852
6.402862071990967
2.397024631500244
8.02817440032959
3.947411298751831
3.692847490310669
2.5365214347839355
2.2072720527648926
1.9352818727493286
6.732814788818359
4.733428001403809
7.949199199676514
3.1212782859802246
3.660888195037842
1.1026356220245361
6.182224750518799
8.769320487976074
2.1795005798339844
3.372725009918213
6.3357930183410645
1.5615793466567993
5.018391132354736
4.84409761428833
2.078972816467285
5.095546245574951
7.36904764175415
2.9963812828063965
4.761605739593506
2.6004905700683594
4.98309326171875
7.7894721031188965
3.9856929779052734
1.3056232929229736
4.373687267303467
7.280720233917236
5.545528888702393
2.903735876083374
2.041574001312256
8.59842300415039
3.3748154640197754
7.055945873260498
2.0644965171813965
5.92518424987793
5.940685749053955
7.62205171585083
2.9280059337615967
2.3751211166381836
7.431188106536865
2.571376085281372
3.2417263984680176
6.614032745361328
4.945688247680664
1.9362974166870117
4.378950595855713
3.5725011825561523
4.679131984710693
4.005784034729004
5.726931571960449
1.3875653743743896
7.746686935424805
7.965579509735107
7.8202104568481445
7.69147253036499
8.131448745727539
5.26715612411499
7.588433265686035
8.616374015808105
5.835296154022217
3.16900634765625
7.95432710647583
7.2635908126831055
1.9876213073730469
2.5989246368408203
6.066564083099365
3.561128616333008
2.896420955657959
1.569655179977417
3.1267731189727783
2.686492443084717
7.132826805114746
6.039721965789795
5.464757919311523
1.7802494764328003
4.581180572509766
8.093243598937988
3.548006772994995
1.4138915538787842
5.224213123321533
7.868836879730225
5.655788898468018
4.518995761871338
3.6485538482666016
2.030580759048462
4.523519039154053
3.87268328666687
6.662989139556885
2.2390973567962646
6.325198650360107
3.369553565979004
4.670105457305908
1.8381239175796509
0.8957433104515076
2.4945757389068604
6.839912414550781
8.058560371398926
5.559904098510742
2.017317771911621
7.639435291290283
5.4267401695251465
7.3020501136779785
2.3716232776641846
6.323224067687988
7.866939067840576
2.281677722930908
2.8339130878448486
4.448541641235352
1.446915864944458
4.053857326507568
4.196232795715332
1.513205647468567
8.146408081054688
2.834202766418457
6.088559150695801
5.99380350112915
2.9427380561828613
8.317950248718262
4.907247543334961
5.3373122215271
