2.714005947113037
8.145423889160156
1.214727759361267
1.7850664854049683
4.174076080322266
3.7139248847961426
3.9388175010681152
3.5457043647766113
2.2105660438537598
6.1355061531066895
8.35544490814209
4.180159568786621
5.074708938598633
1.6881134510040283
0.1975332647562027
3.3811209201812744
1.3084843158721924
8.221360206604004
7.636634826660156
7.80838680267334
2.6774630546569824
5.876297473907471
7.418396949768066
3.251265048980713
7.580141067504883
4.295360565185547
7.832761287689209
1.0955171585083008
6.252692699432373
6.757164478302002
5.806142330169678
4.813002586364746
5.013458251953125
5.308215141296387
6.117305278778076
4.017097473144531
6.906925678253174
0.2718646228313446
7.033801078796387
2.3204004764556885
7.054504871368408
2.5295357704162598
1.3535345792770386
3.7252559661865234
8.617956161499023
6.720687389373779
5.171265602111816
3.6566836833953857
4.022406578063965
1.456231951713562
3.033266544342041
7.582789421081543
7.265119552612305
5.34731388092041
2.9886507987976074
0.7967221736907959
7.471220016479492
3.236367702484131
5.299044609069824
1.7770920991897583
6.378758907318115
4.9468231201171875
2.5484583377838135
4.010951995849609
6.63545036315918
4.701683044433594
3.909393072128296
7.429777145385742
3.7819981575012207
7.318787574768066
1.3350495100021362
4.7905120849609375
2.9484689235687256
4.548550605773926
5.2149224281311035
5.102415561676025
4.690474033355713
7.686737537384033
5.298978328704834
7.972752094268799
6.751989364624023
2.76847505569458
2.4900448322296143
3.484323501586914
7.302311897277832
2.912148952484131
4.604158401489258
2.8857603073120117
3.871610164642334
3.8105697631835938
4.065674781799316
7.529797554016113
5.919475078582764
3.6632683277130127
3.383615016937256
3.360004425048828
5.170219898223877
8.43900203704834
4.27645206451416
4.9643354415893555
7.477254390716553
3.1389927864074707
3.5572891235351562
4.5926833152771
4.787339210510254
5.490392684936523
8.075370788574219
3.6632041931152344
7.162664413452148
3.7052135467529297
6.262058258056641
7.35880708694458
7.885194778442383
8.229976654052734
3.2083163261413574
4.926337242126465
6.704051494598389
5.070503234863281
3.125969886779785
4.828843116760254
2.3523659706115723
5.699007987976074
4.747507095336914
4.216817378997803
2.727283000946045
8.033102989196777
3.2297492027282715
5.1110453605651855
7.150411605834961
3.1130547523498535
4.070143699645996
5.006303787231445
7.11726713180542
7.779360771179199
7.367095947265625
8.115753173828125
7.325720310211182
7.373273849487305
6.371796607971191
5.456036567687988
7.59909725189209
5.539692401885986
3.0551817417144775
5.718904972076416
2.2826709747314453
7.7958502769470215
7.252875804901123
1.9965933561325073
3.1785836219787598
6.435027122497559
6.586939811706543
1.918418049812317
6.473621368408203
2.204646110534668
3.6025357246398926
3.6739912033081055
4.571595668792725
3.251260757446289
3.449775218963623
8.030913352966309
3.0327467918395996
8.166237831115723
3.9554617404937744
7.166691303253174
7.22173547744751
3.3582520484924316
6.869898796081543
5.490551948547363
7.781432151794434
1.7541227340698242
7.393233299255371
3.6488447189331055
7.206774711608887
4.370194911956787
6.505792617797852
6.584123611450195
0.717930793762207
3.8129782676696777
5.856799125671387
4.266044616699219
3.293766975402832
3.7229113578796387
1.0417908430099487
1.5057650804519653
8.109436988830566
2.2206454277038574
8.000872611999512
6.564920902252197
6.7836408615112305
3.1135432720184326
8.032164573669434
4.648738384246826
8.444819450378418
2.5576536655426025
4.084146499633789
4.292899131774902
1.038978934288025
2.697995662689209
4.655442714691162
2.859229326248169
7.85118293762207
1.535889744758606
1.5655163526535034
5.7852702140808105
8.458020210266113
3.9541358947753906
4.434813499450684
3.2791082859039307
8.189811706542969
4.668530464172363
2.7623071670532227
7.915463924407959
7.660324573516846
6.3217244148254395
2.4185614585876465
6.585351467132568
8.036413192749023
4.933090686798096
5.670501708984375
2.176482677459717
3.1666488647460938
5.592750549316406
3.849353790283203
2.9646246433258057
1.1551368236541748
7.098875045776367
4.156938076019287
3.459402084350586
6.38892126083374
7.323362350463867
3.2247700691223145
1.338832974433899
7.653642654418945
4.029350757598877
3.433414936065674
2.873647451400757
2.4604690074920654
7.335134983062744
2.7640817165374756
4.446345329284668
4.86618709564209
4.379553318023682
2.658024311065674
5.083048343658447
8.885844230651855
0.9524065852165222
7.382782936096191
0.9773541688919067
2.7412569522857666
5.336686611175537
1.8933981657028198
5.247891426086426
4.163723945617676
4.320390701293945
6.534158706665039
0.9490885734558105
3.297995090484619
4.977177143096924
5.365723609924316
3.844357490539551
6.9312310218811035
7.845666408538818
2.327235698699951
3.8857431411743164
6.042410850524902
3.2646355628967285
7.989599227905273
4.835507392883301
5.515134811401367
7.926517963409424
2.7231650352478027
7.822946548461914
3.363370418548584
5.792618751525879
7.3145036697387695
3.792414665222168
3.2473833560943604
3.1032795906066895
3.4441356658935547
6.656039714813232
2.035403251647949
5.217566967010498
7.019136428833008
2.761918783187866
4.58681583404541
1.7884124517440796
5.430965900421143
4.472512722015381
7.4982123374938965
0.3618078827857971
2.894392967224121
4.35030460357666
7.510307312011719
6.1802144050598145
4.508074760437012
3.08117413520813
7.483821392059326
3.843323230743408
8.177107810974121
2.077239990234375
3.246009588241577
6.1510162353515625
5.505062103271484
2.9059271812438965
3.2978601455688477
5.044122695922852
4.781266212463379
6.374870777130127
6.156229496002197
7.863036155700684
1.9078596830368042
5.374181270599365
3.7010116577148438
1.2634650468826294
3.9176061153411865
3.7776668071746826
6.006097316741943
6.268537998199463
3.317012310028076
4.063714027404785
5.651072025299072
2.5430777072906494
3.6474709510803223
8.067227363586426
2.5179953575134277
0.14865662157535553
5.305337429046631
3.957211494445801
3.68255615234375
2.7244763374328613
7.205655097961426
3.138760566711426
6.522950172424316
2.4058725833892822
7.78603458404541
4.947232246398926
4.731736183166504
7.201467514038086
7.892266273498535
6.834268569946289
6.862337112426758
6.942305564880371
1.301801323890686
5.529388904571533
7.807974815368652
4.421058177947998
5.050542831420898
4.217476844787598
3.4670214653015137
4.825639724731445
5.441783905029297
2.482605457305908
5.019791603088379
3.7362637519836426
5.188671112060547
2.596977472305298
4.693940162658691
3.9444832801818848
0.40259531140327454
8.784228324890137
6.420775413513184
7.090072154998779
8.457955360412598
7.56171178817749
1.9284783601760864
4.223170757293701
7.399182319641113
8.187199592590332
7.350329875946045
5.903463840484619
3.4185469150543213
3.2594547271728516
3.047654151916504
3.6596035957336426
4.5041046142578125
5.933072090148926
4.00062370300293
5.253684997558594
4.385176181793213
5.178821086883545
1.2336360216140747
1.964349389076233
3.659078598022461
8.830041885375977
7.887365818023682
3.6341702938079834
4.227326393127441
1.701849102973938
1.4035305976867676
8.221470832824707
2.7501721382141113
4.296628952026367
4.246419906616211
2.1202573776245117
6.933777332305908
4.031449794769287
2.500088691711426
2.9008612632751465
2.3894031047821045
4.1991095542907715
5.547614574432373
3.378854751586914
8.10433578491211
6.046113967895508
7.4835405349731445
8.030681610107422
7.627657413482666
4.45997428894043
4.363135814666748
8.263127326965332
1.494994878768921
8.310050010681152
6.779606342315674
7.68811559677124
5.811491966247559
3.5237066745758057
1.4027376174926758
5.781856536865234
5.466190814971924
2.554347038269043
2.314735174179077
3.073415517807007
4.138452529907227
6.095158576965332
2.2882401943206787
3.6301777362823486
5.4393134117126465
7.113223552703857
6.7901411056518555
4.077697277069092
2.165773868560791
8.254786491394043
7.9966583251953125
4.523717880249023
7.08945894241333
2.831341505050659
3.060544013977051
4.959028244018555
3.9346017837524414
3.85364031791687
4.380528450012207
6.323564529418945
7.098056793212891
8.136775970458984
6.941535949707031
3.4935317039489746
0.9041697382926941
2.7987875938415527
2.5908660888671875
2.6768250465393066
3.3183035850524902
2.276986598968506
8.425673484802246
2.0539262294769287
5.419735431671143
2.1138744354248047
3.2151038646698
7.439516067504883
7.356785297393799
7.67728328704834
2.9327757358551025
1.223041296005249
4.4819231033325195
3.836104393005371
6.775064468383789
2.4217610359191895
2.67173433303833
0.7432645559310913
4.3148369789123535
5.545733451843262
1.7512060403823853
8.587384223937988
4.1029157638549805
3.540219306945801
6.460028648376465
3.2743468284606934
7.9035186767578125
7.609851360321045
5.657095432281494
1.5161350965499878
2.5188543796539307
1.8102333545684814
7.216630935668945
5.256139755249023
1.9413765668869019
2.442457437515259
6.479969024658203
4.089517593383789
7.35806941986084
6.08671760559082
3.87654185295105
7.058485507965088
5.9822797775268555
8.051291465759277
2.385352611541748
2.357300043106079
7.340799331665039
8.511810302734375
3.5947046279907227
8.112445831298828
8.027403831481934
7.2760210037231445
7.545063495635986
3.4729673862457275
4.028120517730713
1.6546064615249634
2.7556345462799072
1.0712095499038696
7.758729457855225
7.876114368438721
6.7815093994140625
5.322448253631592
1.4605339765548706
3.5724785327911377
7.554178714752197
5.618504047393799
4.536044597625732
1.7108625173568726
3.0214061737060547
6.976216793060303
5.500909805297852
7.298491954803467
3.6322546005249023
3.980438232421875
4.316886901855469
5.0076823234558105
6.735526084899902
4.392185211181641
2.1968696117401123
5.422930717468262
3.9860899448394775
1.9295644760131836
5.308143615722656
0.5575982332229614
0.731441855430603
3.387732982635498
6.150051116943359
4.6465253829956055
3.3217101097106934
5.115373611450195
5.214640140533447
4.031436920166016
1.0449239015579224
1.9042531251907349
4.286955833435059
8.180631637573242
1.0996346473693848
4.8986358642578125
4.719383716583252
2.902418851852417
1.2581754922866821
7.721935272216797
3.8382420539855957
6.228608131408691
7.162283420562744
3.6085071563720703
2.0323739051818848
2.807156562805176
1.0982706546783447
7.628744125366211
3.484715700149536
4.262787342071533
8.206879615783691
3.208117723464966
2.253467559814453
8.042954444885254
1.895090937614441
6.198533535003662
7.51873779296875
3.888112783432007
1.3832377195358276
7.797191619873047
2.082920551300049
8.314749717712402
8.075650215148926
8.139126777648926
1.3929897546768188
3.0976762771606445
3.050025463104248
3.0205063819885254
4.538521766662598
3.8965065479278564
8.089713096618652
1.2234842777252197
8.042768478393555
4.87604284286499
1.8476296663284302
1.6799572706222534
1.5144672393798828
6.456550598144531
2.984034776687622
6.338915824890137
1.2565420866012573
3.331146478652954
8.689247131347656
6.56599760055542
6.151437759399414
4.3820953369140625
4.467568397521973
2.703423023223877
3.627995491027832
7.167733669281006
7.897353649139404
2.855611801147461
3.6985135078430176
5.342042446136475
7.732696056365967
3.178577423095703
6.032575607299805
2.5799520015716553
6.440746307373047
6.807317733764648
3.5940465927124023
1.113460898399353
5.061030387878418
1.9660903215408325
4.472541809082031
4.287318706512451
5.718874454498291
7.259732246398926
3.247101306915283
3.6731820106506348
5.1696062088012695
3.0478768348693848
8.507359504699707
1.8886197805404663
4.107231616973877
1.1093627214431763
8.087217330932617
3.624497890472412
8.406149864196777
3.260773181915283
8.61011028289795
5.65819787979126
3.3139545917510986
4.324501991271973
4.301614761352539
0.9651061296463013
4.447505950927734
7.046646595001221
1.5451703071594238
1.911887764930725
2.821924924850464
7.645223617553711
5.2560319900512695
1.0840202569961548
3.8976316452026367
2.556020736694336
2.121621608734131
4.274834632873535
4.986608505249023
4.642974853515625
1.4807995557785034
4.712856769561768
2.9690895080566406
7.050807952880859
5.992096900939941
4.61625862121582
6.659337520599365
1.6802867650985718
4.144882678985596
3.191305160522461
2.485426425933838
7.788147449493408
3.4209299087524414
7.587090492248535
0.9179773330688477
5.836974143981934
4.788821697235107
1.2983890771865845
6.061240196228027
1.2377372980117798
8.10038948059082
2.7535758018493652
3.524733781814575
1.4138660430908203
3.3929977416992188
2.9823780059814453
7.706015110015869
5.761516571044922
0.7650278806686401
5.0350751876831055
2.5755019187927246
7.113166809082031
2.189018487930298
7.3347015380859375
7.752871036529541
2.750936508178711
7.710555076599121
4.6341047286987305
3.2165181636810303
2.727961540222168
0.7840110063552856
7.971487045288086
7.88065242767334
6.7890849113464355
4.133852958679199
1.9798543453216553
6.489536762237549
4.456785202026367
8.335657119750977
1.6432946920394897
3.226165771484375
6.023229598999023
4.095932960510254
3.974421262741089
3.3815128803253174
2.3573756217956543
2.7707533836364746
6.3974809646606445
5.326145172119141
2.2775914669036865
2.9579362869262695
6.578747749328613
4.492018222808838
5.809133052825928
3.3575387001037598
8.52430248260498
3.530787229537964
1.9762189388275146
7.092124938964844
4.26004695892334
4.969876289367676
4.527932167053223
1.8819524049758911
2.7880663871765137
5.691694259643555
3.8205888271331787
4.810101509094238
3.5276405811309814
5.2852277755737305
4.942305564880371
3.3816375732421875
3.94366455078125
2.580148696899414
3.0983641147613525
5.905894756317139
5.222438335418701
6.767783164978027
6.021572113037109
1.5770293474197388
7.516085147857666
6.002444744110107
2.2498843669891357
2.3292617797851562
1.36572265625
3.922187566757202
8.440592765808105
8.340385437011719
1.0316873788833618
5.866955757141113
4.336443901062012
3.382174491882324
7.545228004455566
7.865580081939697
5.0706987380981445
7.624401092529297
2.5993618965148926
3.8536479473114014
5.071975231170654
6.0805840492248535
5.400376319885254
7.9144697189331055
8.160380363464355
5.68351411819458
7.665295600891113
1.9932805299758911
4.2774481773376465
7.822843074798584
1.2257258892059326
7.075977802276611
4.898416042327881
2.8352270126342773
7.492588996887207
5.30573844909668
3.6140222549438477
6.139591217041016
6.369926929473877
3.9319040775299072
2.565650224685669
3.4705288410186768
1.4820345640182495
2.0253965854644775
8.315197944641113
1.949367880821228
4.5672101974487305
7.527385234832764
2.318315029144287
6.473555088043213
3.5136096477508545
5.685121536254883
3.4785232543945312
7.906063556671143
1.6965349912643433
3.5190088748931885
7.989095687866211
1.8055638074874878
6.247922897338867
7.7736310958862305
6.081778049468994
2.704195499420166
7.589601993560791
3.8246726989746094
3.1423892974853516
5.356790065765381
8.115556716918945
5.9215898513793945
3.7420878410339355
4.2022929191589355
2.010164260864258
2.722245216369629
6.112421035766602
5.534516334533691
2.8341872692108154
4.892638206481934
2.8440585136413574
3.608701705932617
2.3390614986419678
6.877023696899414
3.59348464012146
7.849902629852295
7.927040100097656
7.9660725593566895
5.9347004890441895
1.6916272640228271
2.914168357849121
5.135852813720703
5.6430463790893555
7.416963577270508
4.054434299468994
4.1547088623046875
5.933077335357666
4.794390678405762
7.976742267608643
7.997462272644043
5.464821815490723
4.291838645935059
5.759247779846191
4.8361496925354
4.895337104797363
4.68874454498291
5.247602462768555
4.063990592956543
2.361713409423828
1.422540307044983
2.649364471435547
2.1226038932800293
7.040879249572754
1.6207239627838135
2.0834710597991943
2.2161049842834473
7.754274845123291
5.812399387359619
1.8870224952697754
6.993957996368408
0.6594364643096924
6.693008899688721
4.297578811645508
7.2351274490356445
6.31831169128418
8.261124610900879
5.576915740966797
6.57149600982666
4.31597900390625
4.181488990783691
3.205009698867798
4.047917366027832
4.696957588195801
4.483870506286621
4.322012901306152
3.482769012451172
7.174150466918945
7.080289840698242
5.884151935577393
2.270449638366699
8.345714569091797
3.208503246307373
4.717796325683594
3.8942770957946777
2.7702834606170654
2.132101058959961
7.430724143981934
3.5475988388061523
7.134303569793701
3.1130714416503906
3.52522349357605
1.6392624378204346
4.908359527587891
4.56451940536499
4.817044258117676
2.9849648475646973
7.281260967254639
2.085416316986084
4.582762718200684
5.466201305389404
1.3638986349105835
4.7445597648620605
7.428138732910156
5.108730316162109
3.277719497680664
2.198056936264038
3.7065277099609375
4.453457832336426
1.307820439338684
2.049565315246582
3.7533047199249268
8.3822603225708
4.078925132751465
3.1488304138183594
1.8388283252716064
8.275568962097168
3.9969143867492676
6.88274621963501
1.2179874181747437
6.366497039794922
5.596059799194336
5.961831092834473
4.426827430725098
3.0857815742492676
7.281217575073242
2.5503289699554443
7.293788909912109
5.915103912353516
3.218513011932373
1.1118961572647095
5.507843017578125
5.567697525024414
4.558163166046143
4.7501678466796875
6.911524295806885
1.2147154808044434
6.7595415115356445
6.095229148864746
7.16123104095459
7.950533390045166
8.413103103637695
2.5776171684265137
7.03635311126709
8.12045669555664
4.5535101890563965
3.021030902862549
7.739161968231201
7.193594932556152
1.3327189683914185
2.947258234024048
5.178567886352539
3.3541598320007324
2.944850444793701
2.9350080490112305
2.282663345336914
3.6027793884277344
7.229236125946045
3.537752866744995
6.110064506530762
1.8711894750595093
5.91204833984375
8.038984298706055
3.192694902420044
2.35357666015625
4.854007244110107
7.672499656677246
5.413413047790527
5.386518478393555
3.8390727043151855
2.7478408813476562
4.30242919921875
5.11524772644043
6.189321994781494
1.5013700723648071
6.53360652923584
1.319813847541809
4.726727485656738
2.1758790016174316
1.7444251775741577
2.818119525909424
6.004580497741699
6.372265815734863
5.048017501831055
1.8614373207092285
7.587864398956299
6.06317138671875
7.196381568908691
2.5026440620422363
4.625131607055664
4.064723014831543
3.0368118286132812
4.732809543609619
4.80451774597168
2.0186004638671875
3.8478426933288574
3.9684667587280273
2.0002779960632324
6.928011417388916
4.365796089172363
7.6950483322143555
4.570906162261963
2.1643755435943604
6.8379130363464355
6.340798854827881
6.392806053161621
