2.917137861251831
8.001047134399414
5.324626445770264
3.924437999725342
3.857171058654785
7.9141693115234375
8.272042274475098
5.605123043060303
3.9442694187164307
7.62407922744751
7.035246849060059
3.90936541557312
9.50364875793457
-0.22155629098415375
3.1359317302703857
5.744572162628174
4.083943843841553
8.292288780212402
7.776772975921631
7.201282978057861
7.4254279136657715
2.34560227394104
6.33029317855835
8.753868103027344
9.030935287475586
7.79672384262085
8.403054237365723
1.317832589149475
6.258542060852051
2.778045177459717
5.242486953735352
4.939161777496338
7.44381046295166
5.512439727783203
4.908512592315674
6.862466335296631
10.169778823852539
-0.1922203153371811
5.291380882263184
1.6041561365127563
9.946819305419922
9.162888526916504
1.19487726688385
1.432576298713684
9.119956970214844
6.9081010818481445
5.242644786834717
8.272747993469238
1.4924219846725464
3.326573610305786
8.011438369750977
7.996676445007324
8.915740013122559
2.3588223457336426
8.0166597366333
0.33912935853004456
6.142585277557373
3.018582344055176
2.443681478500366
2.6838583946228027
5.3380022048950195
1.7912060022354126
-0.32360562682151794
7.718735218048096
7.794517517089844
9.367507934570312
2.644272804260254
8.574462890625
1.5906507968902588
10.057171821594238
1.6019032001495361
6.812726020812988
4.205732822418213
3.730912923812866
8.524955749511719
1.3237507343292236
2.0658516883850098
8.532541275024414
4.2598652839660645
8.067621231079102
1.0825936794281006
0.6368107795715332
3.2781941890716553
6.547428131103516
5.924366474151611
4.514754772186279
4.3381876945495605
2.6964223384857178
8.897398948669434
4.402767658233643
2.404317855834961
7.438246250152588
8.57253360748291
3.0396149158477783
0.5783277750015259
3.119018316268921
7.050603866577148
9.520869255065918
4.368553161621094
6.020246982574463
9.397334098815918
3.6096928119659424
8.011590003967285
8.367375373840332
8.742764472961426
6.57584810256958
9.899866104125977
4.502503395080566
8.847972869873047
8.468825340270996
6.143937587738037
9.468091011047363
9.280682563781738
9.018145561218262
0.5659610033035278
1.870085597038269
8.948307991027832
6.866276741027832
4.119720458984375
3.5231010913848877
1.8648706674575806
5.020077228546143
2.4108622074127197
7.274318695068359
6.910534858703613
9.383002281188965
1.7905462980270386
4.793453693389893
7.367086887359619
2.7254638671875
3.0334935188293457
5.437329292297363
7.355654716491699
8.24155044555664
8.442139625549316
8.790689468383789
7.7829060554504395
6.0213623046875
8.194550514221191
1.5901368856430054
7.389095783233643
4.130457878112793
2.878434419631958
8.528090476989746
1.33574640750885
9.012896537780762
8.826815605163574
2.1521530151367188
2.9525551795959473
9.23549747467041
3.7236273288726807
3.0841972827911377
7.976668834686279
2.548699140548706
3.3205480575561523
1.797601342201233
7.575300216674805
3.473583459854126
4.505990505218506
9.053938865661621
1.8977659940719604
9.485373497009277
6.424659252166748
1.773664116859436
7.9487738609313965
3.5283846855163574
8.923033714294434
2.7779531478881836
2.331995725631714
2.84098219871521
8.747920036315918
4.388688087463379
6.863484859466553
7.24376916885376
4.622499465942383
8.236653327941895
-0.22982250154018402
1.8497024774551392
7.067428112030029
6.068446159362793
4.03579568862915
3.7477900981903076
3.224210500717163
1.0532582998275757
7.731880187988281
2.781006097793579
8.6499662399292
9.00026798248291
8.844376564025879
1.429269552230835
9.56023120880127
5.359102725982666
8.790497779846191
3.6364500522613525
8.077617645263672
4.413243293762207
0.11089291423559189
1.3695610761642456
4.882362365722656
0.9316983222961426
9.286663055419922
2.2573633193969727
1.9018679857254028
5.132504463195801
9.531968116760254
4.663422107696533
6.056575775146484
7.470320224761963
4.093445777893066
6.365065097808838
2.701862096786499
7.359707355499268
8.975008964538574
8.845364570617676
2.932971477508545
1.239672064781189
9.401497840881348
5.9964070320129395
4.978946685791016
2.8088696002960205
2.724609851837158
3.9870312213897705
5.21505069732666
4.149241924285889
0.07915320247411728
7.5760087966918945
8.007598876953125
2.947674512863159
8.134451866149902
7.448895454406738
0.9734100103378296
1.6570491790771484
9.478250503540039
4.6069488525390625
9.626814842224121
8.120856285095215
2.835503101348877
4.027409553527832
2.4900355339050293
2.133789539337158
5.360323429107666
1.4787746667861938
3.9940881729125977
1.9029923677444458
8.741026878356934
3.294706344604492
9.020119667053223
0.05472435802221298
2.458829164505005
6.8221049308776855
1.9189740419387817
6.526413917541504
4.344878673553467
4.189642429351807
9.257988929748535
0.4208875000476837
6.984760284423828
8.530763626098633
6.405584335327148
8.075599670410156
5.679687976837158
7.772698402404785
1.6934999227523804
1.8437551259994507
6.962369441986084
2.9859812259674072
9.18027400970459
2.967648506164551
7.966653347015381
9.291298866271973
3.667935609817505
8.454462051391602
1.4617236852645874
7.08809232711792
3.574402332305908
2.412611484527588
2.2095165252685547
2.072174072265625
8.147095680236816
9.065485954284668
5.394343852996826
7.192624092102051
7.975015163421631
5.311056613922119
5.3663740158081055
1.7406047582626343
8.832533836364746
7.956015586853027
8.25544261932373
0.6051018238067627
0.6145783066749573
3.763948678970337
9.059386253356934
8.548377990722656
6.930805683135986
0.47117725014686584
8.948050498962402
4.130825519561768
8.015673637390137
2.274547576904297
1.0937081575393677
7.494597911834717
3.1627910137176514
0.06450476497411728
2.300964593887329
7.120982646942139
3.2295010089874268
9.198099136352539
4.384914398193359
8.49876594543457
3.3620786666870117
9.538290977478027
2.656996250152588
0.10201206058263779
0.7914749383926392
7.086370468139648
3.919959545135498
8.460169792175293
2.282999038696289
7.435641765594482
7.319246768951416
1.8896695375442505
2.0023794174194336
9.025851249694824
4.827652454376221
-0.33061346411705017
5.844083786010742
4.706183433532715
2.329167604446411
1.467270016670227
9.000526428222656
5.199825763702393
7.858204364776611
1.3389663696289062
8.513874053955078
4.945435047149658
6.495106220245361
5.566518783569336
9.091879844665527
5.911967754364014
8.391422271728516
8.4865140914917
0.8152174949645996
2.764455795288086
9.45131778717041
3.70397686958313
7.18095064163208
4.433665752410889
3.160444974899292
9.195042610168457
1.618996262550354
1.4343641996383667
6.657573699951172
3.1378326416015625
7.67480993270874
3.1583828926086426
2.5148143768310547
1.39850914478302
1.2508195638656616
10.038958549499512
5.6064839363098145
8.290794372558594
9.35448932647705
9.234850883483887
-0.10041508823633194
6.150977611541748
7.119223117828369
8.809696197509766
3.6472272872924805
5.501312732696533
1.8382166624069214
3.270879030227661
1.087141990661621
2.552851438522339
6.892865180969238
8.372735023498535
3.1295275688171387
5.1657609939575195
9.116792678833008
3.13899564743042
2.855046510696411
1.023239254951477
3.183753490447998
9.197530746459961
9.546473503112793
3.6197588443756104
7.48406457901001
2.364516496658325
1.8766486644744873
8.938633918762207
1.7981901168823242
4.418034076690674
2.2072296142578125
1.0427061319351196
8.966423034667969
2.2034904956817627
0.6390417814254761
0.7527657747268677
0.27088823914527893
5.226176738739014
6.438992977142334
2.4411542415618896
8.465814590454102
8.161030769348145
5.505853176116943
9.427650451660156
8.927704811096191
6.588423252105713
6.810973167419434
8.803454399108887
1.7116793394088745
9.057936668395996
6.237689971923828
7.857956886291504
8.456751823425293
7.357805252075195
0.7550052404403687
8.878408432006836
7.255972385406494
1.5027014017105103
0.8155376315116882
1.8739420175552368
2.8391385078430176
7.407045841217041
1.0172200202941895
2.5103225708007812
9.734346389770508
7.569897174835205
8.11156177520752
6.0000529289245605
-0.20472882688045502
9.260354042053223
8.257781028747559
2.8715553283691406
9.10840129852295
1.1121612787246704
8.566518783569336
1.599256157875061
4.179864406585693
3.9684548377990723
2.0967001914978027
5.065425395965576
8.018699645996094
9.345404624938965
8.21187686920166
7.931343078613281
0.8787004947662354
2.3762505054473877
2.611647605895996
3.0302650928497314
4.022676944732666
3.1879544258117676
8.565718650817871
2.66922926902771
8.543245315551758
2.1465871334075928
5.983476638793945
9.721335411071777
9.31384563446045
8.452070236206055
2.876791477203369
0.9865673780441284
1.2359343767166138
4.016502857208252
8.81293773651123
4.5918169021606445
1.2488349676132202
-0.30074557662010193
3.645676851272583
7.5885701179504395
0.9801946878433228
9.804588317871094
2.6276261806488037
2.1496224403381348
8.762614250183105
1.4200633764266968
9.487263679504395
8.855195045471191
4.516321182250977
3.068775177001953
1.7561416625976562
6.646553039550781
9.647427558898926
3.8669683933258057
0.9561668634414673
2.606454849243164
7.821346759796143
2.597268581390381
8.237591743469238
7.865259647369385
3.4782443046569824
3.4724183082580566
1.5642298460006714
9.731990814208984
1.8684866428375244
3.629711151123047
9.866151809692383
1.4982830286026
6.518313884735107
8.655800819396973
9.086187362670898
9.916756629943848
10.525738716125488
3.648951530456543
2.096726655960083
2.6072773933410645
5.6679887771606445
8.431447982788086
9.69931697845459
3.610175848007202
5.005206108093262
5.79403829574585
2.4817965030670166
8.169726371765137
4.203948020935059
6.9305853843688965
3.765357494354248
7.414995193481445
3.606405735015869
7.670735836029053
1.5293916463851929
1.5058444738388062
2.464984655380249
3.18491268157959
2.627725124359131
2.5413122177124023
7.810627460479736
3.158762216567993
0.39928296208381653
7.990852355957031
5.026843070983887
2.0923397541046143
8.675824165344238
0.08922424167394638
3.102659225463867
3.7750043869018555
8.846071243286133
2.609950065612793
6.615943431854248
3.68942928314209
5.824993133544922
6.789262771606445
0.0030511822551488876
0.6167929172515869
3.349902629852295
9.00769329071045
1.6313620805740356
6.71784782409668
1.981375813484192
0.6239672899246216
0.6264277696609497
9.102034568786621
5.208431243896484
6.2957963943481445
7.907121181488037
9.54198932647705
0.689744234085083
2.36773681640625
1.0117086172103882
8.375328063964844
3.8153538703918457
5.996159076690674
10.079739570617676
4.093259811401367
2.2363882064819336
8.827913284301758
2.8040709495544434
10.51636028289795
8.494343757629395
4.300802230834961
0.47187939286231995
8.567119598388672
1.8669657707214355
9.447760581970215
9.317020416259766
9.899619102478027
2.229114532470703
5.696191787719727
1.824047565460205
8.370024681091309
8.23343276977539
0.4804662764072418
8.926529884338379
0.12451007217168808
7.935805797576904
0.9932007193565369
2.363401174545288
0.8517175912857056
2.94073224067688
7.2492194175720215
3.8876266479492188
9.242486953735352
1.1284557580947876
3.1901986598968506
9.228642463684082
5.628116130828857
3.24887752532959
2.991992473602295
3.38686466217041
0.11859335750341415
5.01391077041626
8.835205078125
8.664942741394043
2.7011914253234863
3.059842824935913
4.845622539520264
9.38675594329834
-0.502583920955658
9.49636459350586
2.082756996154785
5.78215217590332
4.348639011383057
1.7448127269744873
2.4208033084869385
3.3250930309295654
1.3950015306472778
3.950432300567627
3.6456243991851807
5.5221781730651855
1.468578815460205
5.690662384033203
3.077131986618042
8.584342956542969
5.592275142669678
9.324195861816406
1.9983805418014526
5.322710990905762
-0.14955972135066986
9.141160011291504
6.340651988983154
8.878249168395996
4.720407962799072
9.63594913482666
7.689681529998779
4.212459087371826
9.849442481994629
2.5358009338378906
1.507201075553894
4.921154499053955
8.120331764221191
1.9743469953536987
4.310354232788086
1.5287930965423584
9.039633750915527
4.3764967918396
1.3838903903961182
4.54616641998291
1.1691681146621704
2.6876227855682373
2.613162040710449
5.951826572418213
3.7822985649108887
0.35855963826179504
3.9637908935546875
1.0391496419906616
9.390826225280762
7.421119213104248
2.4418931007385254
2.9524240493774414
3.867706298828125
4.781314373016357
7.221083164215088
0.7268506288528442
8.145495414733887
4.393232822418213
6.191495895385742
-0.08895931392908096
4.553910255432129
3.7810070514678955
1.7569371461868286
3.548074960708618
-0.40962132811546326
9.609870910644531
0.5004035234451294
1.799920678138733
1.318235993385315
2.820237398147583
3.138470411300659
9.727499008178711
5.5811872482299805
-1.0596169233322144
5.6317667961120605
1.8216662406921387
6.348085880279541
3.7974226474761963
8.61809253692627
7.9504008293151855
1.618060827255249
5.223198413848877
4.581004619598389
1.8581438064575195
9.25867748260498
4.483547210693359
9.016148567199707
9.307455062866211
9.554960250854492
3.728577136993408
1.0310546159744263
2.1014153957366943
6.801730632781982
9.42901611328125
0.8220363855361938
3.2093801498413086
8.256155014038086
2.1130499839782715
2.717731475830078
3.2568695545196533
1.541619896888733
1.173324465751648
9.0606050491333
7.150402545928955
5.423529624938965
8.32449722290039
9.953369140625
3.9165971279144287
8.526239395141602
0.794690728187561
9.27989673614502
4.996939182281494
3.5283429622650146
9.372715950012207
3.925495147705078
1.561076283454895
2.2390434741973877
0.7787485718727112
9.256072044372559
9.662141799926758
2.065429210662842
5.367684841156006
9.40346622467041
8.011818885803223
6.811227798461914
3.8944904804229736
4.053836822509766
1.0623372793197632
1.929512858390808
6.095439910888672
5.911916732788086
4.226100444793701
7.7636895179748535
-1.0636780261993408
8.092084884643555
7.111103534698486
4.574635028839111
1.4227811098098755
10.068948745727539
9.425704956054688
9.544600486755371
8.378780364990234
0.10433091968297958
6.624461650848389
5.172611713409424
2.329130172729492
7.399766445159912
7.568436622619629
6.739345073699951
8.634917259216309
8.282903671264648
5.92188024520874
6.5704665184021
9.691370964050293
6.72407341003418
9.535502433776855
9.129847526550293
4.185482501983643
9.084919929504395
1.020751714706421
2.958156108856201
2.3387253284454346
6.262083530426025
8.86364459991455
7.6326904296875
0.7791551351547241
9.220240592956543
5.678181171417236
3.6557185649871826
7.576742172241211
7.500770092010498
4.763428211212158
3.486506938934326
8.444342613220215
0.5554710626602173
2.7967090606689453
9.915064811706543
1.9865443706512451
2.581606388092041
9.02599048614502
2.7479522228240967
6.83176326751709
3.3910937309265137
-0.23541854321956635
3.787330389022827
4.314008712768555
0.6726864576339722
3.4605236053466797
7.97769021987915
1.8848469257354736
5.8509392738342285
7.569271564483643
9.305351257324219
2.138246536254883
9.622084617614746
3.4977920055389404
3.99674129486084
2.3697147369384766
9.326828002929688
5.323469638824463
1.1283905506134033
6.780786037445068
0.40795841813087463
9.112011909484863
7.315140247344971
1.3755360841751099
3.815361738204956
3.3459081649780273
2.8534679412841797
4.832555294036865
3.8231277465820312
6.257002353668213
4.162154197692871
9.064555168151855
7.093648433685303
9.938484191894531
2.5104503631591797
0.6971535682678223
5.489075183868408
9.46780776977539
4.4283647537231445
6.768978595733643
6.21483850479126
6.432669639587402
5.7772746086120605
3.617781400680542
9.117806434631348
9.288586616516113
4.145712375640869
2.0105185508728027
4.358158111572266
3.591787576675415
8.056807518005371
5.91092586517334
6.83208703994751
4.351407051086426
1.8091269731521606
0.4740024507045746
3.4223601818084717
-0.3829769790172577
9.585631370544434
5.340007781982422
3.805076837539673
1.0633800029754639
9.026552200317383
1.483453392982483
2.49285888671875
7.752871036529541
0.8365920782089233
5.984410762786865
3.5293054580688477
7.168417930603027
10.008831024169922
9.073362350463867
8.962361335754395
4.688262939453125
5.2797136306762695
5.289778232574463
3.727461099624634
4.043685436248779
7.3566203117370605
8.757208824157715
4.668415069580078
1.5253351926803589
8.931286811828613
7.903987884521484
5.080942630767822
2.6659066677093506
8.586280822753906
2.3367903232574463
4.852449417114258
4.513631343841553
7.092992782592773
-0.2770530879497528
9.260279655456543
2.082423448562622
8.734296798706055
4.0281171798706055
1.508046269416809
0.8574322462081909
2.9134883880615234
8.189096450805664
6.874053478240967
3.2735745906829834
7.663172245025635
1.0334383249282837
2.889695405960083
4.224893569946289
-0.178029403090477
4.000359058380127
9.482576370239258
3.3517110347747803
4.433687210083008
6.98196268081665
5.035254955291748
2.629760980606079
6.197196006774902
0.6834839582443237
6.2750396728515625
8.525444984436035
6.175641059875488
3.1251449584960938
2.1531667709350586
9.243992805480957
1.687759518623352
9.386297225952148
5.168702125549316
7.436280727386475
6.5015034675598145
2.2243480682373047
6.779682636260986
2.03605318069458
8.01081657409668
3.404327392578125
1.105761170387268
7.605543613433838
2.556016206741333
2.4124462604522705
2.9597883224487305
9.692874908447266
4.7215986251831055
1.7071841955184937
1.5068752765655518
1.4614142179489136
8.988966941833496
5.291311740875244
1.3606867790222168
8.981651306152344
9.615150451660156
6.764029026031494
7.430487155914307
10.314872741699219
5.057012557983398
1.3626899719238281
9.101993560791016
9.009068489074707
0.7162595987319946
0.726904034614563
8.490618705749512
2.088928699493408
2.3569233417510986
0.599907398223877
1.689099907875061
2.2679288387298584
9.806386947631836
3.717273473739624
10.165420532226562
2.658113956451416
9.110966682434082
9.158303260803223
4.291726589202881
2.0001513957977295
3.5650839805603027
8.55795669555664
6.512716293334961
5.730251789093018
4.809126377105713
0.539251446723938
6.284824848175049
2.7206404209136963
5.892386436462402
-0.20071826875209808
6.530148983001709
1.9403198957443237
3.513981819152832
0.991976261138916
0.9831907749176025
1.6274548768997192
7.647912502288818
9.530769348144531
4.932893753051758
7.076805114746094
9.360654830932617
7.569696426391602
5.631686687469482
-0.1190359964966774
3.201125144958496
0.9955204129219055
3.481663465499878
3.196969985961914
2.6994357109069824
0.4371882975101471
3.543501377105713
2.9455947875976562
-0.1815205067396164
8.122740745544434
4.695260047912598
8.230046272277832
6.95012903213501
-0.8202884197235107
8.851579666137695
7.951859474182129
7.712223529815674
