2.05911922454834
7.762649059295654
5.198455810546875
2.621985912322998
3.583627462387085
5.460573673248291
5.9216532707214355
4.565620422363281
3.0777363777160645
6.436926364898682
7.573780536651611
3.0764822959899902
8.999109268188477
-0.5944869518280029
2.0983469486236572
5.110493183135986
3.598581314086914
6.636419773101807
7.4647016525268555
7.508289813995361
6.885360240936279
2.4999396800994873
5.3347601890563965
7.7639970779418945
8.530290603637695
7.147122859954834
8.103096008300781
1.13460373878479
5.390150547027588
2.685060501098633
4.744874477386475
4.052454471588135
7.447704792022705
4.4924798011779785
4.5124735832214355
6.521886348724365
10.375085830688477
-0.4476475715637207
4.418725490570068
1.6229482889175415
9.290374755859375
9.153064727783203
0.3386855125427246
1.6491717100143433
9.196876525878906
5.559232234954834
4.649918556213379
6.9339919090271
1.0444990396499634
2.7663795948028564
5.6182379722595215
8.837677001953125
8.706592559814453
1.6474378108978271
7.968080997467041
0.03314809501171112
5.001895427703857
2.46087646484375
1.650277853012085
2.743429660797119
4.881146430969238
1.8334187269210815
-1.655654788017273
7.095718860626221
5.75878381729126
9.162221908569336
2.3502116203308105
8.525324821472168
1.4735116958618164
9.493749618530273
1.135093092918396
6.5742082595825195
3.5897717475891113
3.2866640090942383
7.196928024291992
0.5918451547622681
1.3182328939437866
7.9162678718566895
3.698852300643921
7.488459587097168
0.6634697914123535
0.5493618845939636
3.1083579063415527
5.449623107910156
4.457979202270508
4.704456329345703
4.356945991516113
2.4115052223205566
7.638121128082275
4.034183502197266
1.9836677312850952
7.32289981842041
8.856112480163574
3.082414388656616
0.7021722197532654
3.100151538848877
5.292016983032227
9.96365737915039
3.9073314666748047
5.421514987945557
9.04349136352539
3.168041706085205
7.365388870239258
7.753243923187256
7.208405017852783
5.726292133331299
9.632132530212402
4.981688976287842
8.001872062683105
9.41867446899414
5.115388870239258
9.100062370300293
9.272177696228027
8.676517486572266
1.2774745225906372
1.7042018175125122
8.542521476745605
5.804574489593506
4.183941841125488
3.1528334617614746
1.828790545463562
5.01763391494751
2.073096752166748
5.930697441101074
5.7938151359558105
9.366352081298828
2.356128215789795
4.5377984046936035
7.51910924911499
2.3286991119384766
2.4607479572296143
4.884256839752197
6.340301036834717
7.097010135650635
8.289207458496094
9.109264373779297
6.89546012878418
5.243123531341553
7.896031856536865
0.3578903079032898
6.396344184875488
4.017384052276611
2.1018295288085938
7.387732028961182
0.8179949522018433
8.624731063842773
8.625216484069824
1.6578822135925293
2.5869243144989014
9.049432754516602
3.009117841720581
2.2284278869628906
7.988133907318115
1.7350026369094849
2.073531150817871
1.376928687095642
6.000524520874023
3.195913314819336
4.265670299530029
9.394379615783691
1.7266185283660889
9.61024284362793
6.054297924041748
0.7604668140411377
6.9525017738342285
3.502861738204956
7.609480381011963
2.19333553314209
2.3916680812835693
0.6338046193122864
8.485052108764648
3.9080493450164795
6.674464702606201
6.460818767547607
3.849623441696167
7.773863315582275
-0.6988141536712646
1.6314363479614258
5.2985405921936035
5.034008979797363
3.5457980632781982
3.9811530113220215
2.2915992736816406
0.6695035099983215
7.5055365562438965
1.874235987663269
7.399784564971924
8.858636856079102
8.540498733520508
0.40313953161239624
9.590478897094727
3.9223079681396484
8.681571960449219
3.2071123123168945
7.26267671585083
4.1070122718811035
-0.0022840946912765503
1.5305488109588623
3.7398576736450195
0.8625556826591492
9.323396682739258
2.355469226837158
1.600056529045105
4.278099536895752
9.58619499206543
4.147533893585205
4.903604507446289
6.882347583770752
4.094238758087158
5.614628314971924
1.959810495376587
7.397983074188232
8.4725341796875
8.489105224609375
2.3674299716949463
1.5866349935531616
9.721917152404785
5.385723114013672
5.055566310882568
2.7056517601013184
1.5373785495758057
4.0944366455078125
4.53997278213501
3.9916481971740723
-0.1127002090215683
6.442110538482666
7.1850481033325195
2.4122586250305176
6.907212734222412
5.761397838592529
0.37918609380722046
0.6992887854576111
9.236917495727539
4.470101833343506
7.052075386047363
7.443148136138916
2.4148378372192383
3.739413261413574
2.375279664993286
1.6420754194259644
4.53971529006958
0.589916467666626
3.602904796600342
1.4578922986984253
8.996253967285156
2.8219807147979736
8.835875511169434
-0.42508506774902344
1.9141172170639038
5.540650367736816
1.5413237810134888
5.894165515899658
3.8254294395446777
3.577080726623535
8.347113609313965
0.4246358871459961
6.803499698638916
8.41473388671875
6.862360954284668
7.385107517242432
5.957958221435547
7.0762939453125
1.5729143619537354
2.4147071838378906
6.120568752288818
2.761246681213379
9.036596298217773
2.151820182800293
7.038605213165283
9.539989471435547
3.0926637649536133
8.751290321350098
1.2932393550872803
5.791645526885986
3.186269521713257
2.4145710468292236
2.1544697284698486
1.408166766166687
7.666468620300293
8.72969913482666
5.052034854888916
7.333312511444092
6.856329441070557
4.175440788269043
4.3555073738098145
0.800811231136322
8.017467498779297
6.346743583679199
7.676366329193115
1.010858416557312
0.0334407240152359
3.694169759750366
8.482950210571289
8.482726097106934
7.032245635986328
-0.0639011412858963
8.811738967895508
3.4258127212524414
7.3037543296813965
1.6853301525115967
0.6265079379081726
6.879327297210693
3.183336019515991
0.1289614886045456
2.2320363521575928
6.851204872131348
2.4753963947296143
9.00622272491455
4.207232475280762
8.463408470153809
3.826245069503784
8.70828628540039
2.8836681842803955
-0.308630108833313
0.5438480973243713
6.856603145599365
3.0863232612609863
7.768404483795166
1.2929309606552124
5.932979583740234
7.488239765167236
1.6010875701904297
0.9495313763618469
8.860857963562012
4.978249549865723
-0.8167510628700256
3.5903286933898926
3.8245668411254883
1.8737263679504395
1.2998453378677368
8.736736297607422
3.8706963062286377
7.530787467956543
1.6902878284454346
7.145063877105713
4.602376461029053
6.373020648956299
5.015282154083252
8.493046760559082
5.179330348968506
8.23624038696289
8.105244636535645
0.5157409906387329
2.376957893371582
9.203445434570312
3.447523832321167
5.369909763336182
4.309525966644287
2.642087936401367
8.227301597595215
1.153834581375122
0.8259431719779968
5.961153507232666
2.7959165573120117
7.1879425048828125
2.0438649654388428
1.8972840309143066
1.5447944402694702
0.5371806025505066
10.209684371948242
5.0291876792907715
8.568988800048828
8.882828712463379
8.822614669799805
-0.6982313990592957
5.575337886810303
7.414523601531982
8.665135383605957
3.3675076961517334
3.4567270278930664
0.9887365698814392
3.3405895233154297
0.5716954469680786
1.9529069662094116
6.217275142669678
8.00070858001709
2.1285336017608643
4.868900775909424
8.281574249267578
2.5792040824890137
2.4339096546173096
0.6057117581367493
3.0484232902526855
8.991025924682617
9.250176429748535
2.87280535697937
7.172875881195068
2.8777835369110107
1.6570072174072266
8.509689331054688
1.3229912519454956
3.276259422302246
2.2222180366516113
0.4035378098487854
8.59974193572998
1.3394047021865845
0.059819385409355164
0.07731898128986359
-0.05304257571697235
5.0426459312438965
5.506368160247803
2.0768580436706543
8.39526653289795
7.952935695648193
5.945408344268799
9.446574211120605
8.31393051147461
6.456223487854004
6.60899019241333
8.880999565124512
1.722662091255188
8.620372772216797
4.718290328979492
7.275789737701416
8.161476135253906
7.223190784454346
0.4115455150604248
8.055315017700195
6.317483425140381
1.694007158279419
0.47952669858932495
2.117828369140625
3.03592586517334
6.185413837432861
0.5358211398124695
1.9446293115615845
9.569947242736816
7.680263996124268
7.185651779174805
5.530336856842041
-0.3860074281692505
9.68824291229248
7.685266017913818
2.256714344024658
8.974187850952148
0.6297851204872131
7.789370059967041
0.5371332764625549
3.9494996070861816
2.8130133152008057
2.0119102001190186
3.857367515563965
7.468743324279785
8.873687744140625
6.057682514190674
6.601113796234131
0.6670873761177063
1.8535735607147217
2.4705986976623535
2.6284611225128174
3.653822422027588
2.5834484100341797
9.329154968261719
2.062544107437134
7.872036457061768
2.1889541149139404
5.643887996673584
8.473278999328613
8.544994354248047
8.308979988098145
2.804169178009033
0.8406342267990112
1.1868584156036377
3.1651220321655273
8.835718154907227
2.6818275451660156
1.4196276664733887
-1.3261126279830933
3.195228099822998
7.431174278259277
1.1183851957321167
9.7516450881958
2.5026376247406006
1.5778735876083374
8.964872360229492
1.3296502828598022
8.382194519042969
8.280021667480469
4.037100791931152
2.5035319328308105
1.7845622301101685
6.841845989227295
9.385906219482422
3.727672576904297
0.577847421169281
2.4608662128448486
6.65222692489624
1.718556523323059
8.655862808227539
7.370812892913818
3.8668441772460938
2.944671154022217
1.2718958854675293
9.86341667175293
1.4867080450057983
3.1049203872680664
9.670774459838867
2.2983243465423584
6.350240230560303
8.805343627929688
9.558906555175781
9.633721351623535
8.749954223632812
2.972149133682251
1.6690374612808228
1.9276894330978394
4.62288236618042
7.176375865936279
9.098841667175293
3.2545292377471924
3.8647568225860596
4.586432456970215
2.0070385932922363
7.464345455169678
3.6806540489196777
6.10875940322876
3.076587438583374
7.1346282958984375
3.216053009033203
7.461355686187744
1.1621514558792114
0.5811119675636292
2.4728689193725586
2.9138858318328857
2.3072316646575928
2.273737907409668
6.817173480987549
2.1535730361938477
-0.42039984464645386
7.812154293060303
4.458549499511719
2.251119375228882
8.193094253540039
0.08545003831386566
2.3112001419067383
3.637559413909912
8.520739555358887
2.199409246444702
5.276996612548828
3.093719005584717
4.767402172088623
5.790687084197998
-0.31721562147140503
0.2538517117500305
3.3388562202453613
9.147825241088867
1.5998263359069824
5.6111226081848145
1.1283289194107056
0.454166054725647
0.6125611066818237
9.202152252197266
5.099193572998047
5.279799938201904
7.200240612030029
8.932103157043457
0.16405846178531647
2.4749066829681396
0.5831078886985779
7.929981708526611
3.128636360168457
4.886424541473389
9.205456733703613
3.6322054862976074
2.198270320892334
8.93670654296875
1.7793644666671753
9.689058303833008
8.392078399658203
3.731311082839966
0.3591821789741516
9.487979888916016
0.9466720223426819
9.395288467407227
9.547677040100098
10.035667419433594
1.110237956047058
5.089046478271484
1.5347610712051392
7.985580921173096
6.334791660308838
0.3732690215110779
8.54936408996582
-0.9404256939888
6.73226261138916
1.469312310218811
2.4540839195251465
0.15257097780704498
1.9933313131332397
6.152982711791992
3.1244335174560547
8.849846839904785
0.14213328063488007
3.061638832092285
10.00046443939209
4.675961971282959
2.2426047325134277
2.1210684776306152
2.7031149864196777
-0.705252468585968
3.885629415512085
7.860228061676025
8.47100830078125
1.9396624565124512
2.9897778034210205
3.871072769165039
9.118461608886719
-1.2455968856811523
9.542475700378418
2.0642995834350586
4.73129415512085
5.087102890014648
1.529688835144043
2.3056745529174805
2.9747886657714844
1.42417573928833
3.546288013458252
3.302586555480957
4.573897361755371
1.1602381467819214
4.576230049133301
2.9419498443603516
7.324406147003174
4.363556861877441
9.727575302124023
2.1797425746917725
4.666921138763428
-1.267987608909607
8.83466911315918
4.888209819793701
8.927860260009766
4.56856107711792
9.696102142333984
6.835073947906494
3.997774124145508
9.285284042358398
2.62436580657959
1.4439078569412231
4.233948230743408
6.464509963989258
1.3133100271224976
3.6551268100738525
1.22217857837677
8.559982299804688
3.5808773040771484
0.34427517652511597
3.6244940757751465
0.5859353542327881
2.284576892852783
1.9511979818344116
5.476747989654541
4.401803970336914
0.9621427655220032
3.459959030151367
0.26063066720962524
8.551851272583008
6.1607279777526855
2.4885103702545166
1.4571325778961182
3.260115623474121
3.955054521560669
6.446363925933838
0.037373706698417664
7.204207897186279
3.672795057296753
4.847581386566162
-1.6224604845046997
3.8149542808532715
2.86728835105896
1.6177797317504883
3.0582034587860107
-0.5361029505729675
9.475814819335938
0.21332909166812897
1.3724572658538818
1.1827031373977661
2.5673699378967285
3.3449597358703613
9.065935134887695
4.847986221313477
-0.4013361930847168
4.880194187164307
2.5091311931610107
5.4774556159973145
3.3873023986816406
7.9207987785339355
5.779473781585693
1.6492282152175903
4.844743251800537
4.170088768005371
1.3364564180374146
7.9580864906311035
3.208339214324951
8.238409042358398
9.406353950500488
9.057683944702148
3.3146677017211914
0.8703190684318542
1.0746046304702759
5.55124044418335
9.265963554382324
0.7026891112327576
2.716552495956421
5.050918102264404
1.6500623226165771
2.3336141109466553
2.4128546714782715
0.8383573889732361
0.6370434165000916
8.444207191467285
6.9071221351623535
2.7708780765533447
7.965578079223633
9.349869728088379
3.2988028526306152
8.109577178955078
0.30413252115249634
9.23862361907959
3.6837821006774902
2.9275026321411133
9.028814315795898
3.6602959632873535
1.390437364578247
2.505540609359741
1.007066011428833
9.496854782104492
8.182743072509766
1.48074471950531
4.40395975112915
8.192633628845215
6.029205799102783
6.02177095413208
3.870637893676758
3.738424777984619
0.9662819504737854
1.941200613975525
5.506006717681885
5.336753845214844
4.831031322479248
6.49229097366333
-1.1541451215744019
7.703304290771484
7.070465564727783
3.7948222160339355
0.97842937707901
9.071135520935059
8.290124893188477
9.608026504516602
8.012564659118652
-0.17556704580783844
5.950462818145752
4.370527744293213
1.6034878492355347
6.550317287445068
8.6381196975708
5.823111534118652
8.325013160705566
6.997260570526123
5.124566078186035
5.688918590545654
8.977113723754883
6.048330783843994
9.41923999786377
9.030412673950195
4.389743804931641
9.00687313079834
0.32726001739501953
2.566429615020752
2.8335185050964355
4.523650169372559
8.590248107910156
6.746974468231201
0.5505357384681702
8.301281929016113
4.969887733459473
2.9536750316619873
6.544907569885254
6.9145121574401855
3.901475429534912
3.053821325302124
7.30176305770874
0.2949599623680115
2.3871984481811523
9.603487014770508
1.7557328939437866
2.9404451847076416
8.441640853881836
2.0902702808380127
6.276993751525879
2.8120193481445312
-0.41264480352401733
2.747371196746826
4.3192830085754395
0.0687636286020279
3.082456588745117
8.086435317993164
0.6238991618156433
5.11138391494751
7.18948221206665
8.850397109985352
2.20881724357605
9.479314804077148
3.2470285892486572
3.6149587631225586
2.3915319442749023
9.716084480285645
4.920354843139648
1.4437803030014038
5.568974018096924
0.02702789008617401
8.08168888092041
6.966475486755371
0.9910412430763245
2.5478482246398926
3.1189472675323486
3.2489988803863525
3.30180287361145
3.174329996109009
5.312459945678711
3.895555257797241
8.734699249267578
8.31042766571045
9.813016891479492
2.9501895904541016
0.25525885820388794
4.451324462890625
9.253854751586914
3.1766457557678223
6.074978828430176
4.894428730010986
6.58921480178833
5.875418186187744
3.302140474319458
8.2342529296875
8.242469787597656
2.849513292312622
1.9457600116729736
4.291400909423828
3.8185014724731445
7.422786235809326
5.082785129547119
5.528193473815918
4.1978230476379395
1.0919314622879028
0.027968332171440125
3.251816749572754
-0.029972881078720093
8.259527206420898
4.308398723602295
3.191277265548706
0.6772288680076599
8.962760925292969
1.3530017137527466
2.2079436779022217
7.58042573928833
-0.3526683449745178
4.720843315124512
3.2165212631225586
6.168748378753662
9.176156044006348
9.351922988891602
8.644760131835938
4.767446041107178
4.949510097503662
4.724818706512451
4.110506534576416
3.66872239112854
7.007637977600098
7.006521224975586
4.0555195808410645
1.8434513807296753
7.236330032348633
7.776595592498779
4.07719087600708
2.2479453086853027
9.162296295166016
2.527461528778076
3.839860439300537
3.9552149772644043
6.486420154571533
-0.7616877555847168
8.651347160339355
2.0341992378234863
8.867247581481934
3.223963737487793
1.2565234899520874
0.38375627994537354
2.8598523139953613
7.7184271812438965
5.51359748840332
2.1098382472991943
7.525173664093018
0.7297922372817993
2.483811616897583
3.9130759239196777
-0.11945866048336029
3.835599184036255
9.138338088989258
2.9775543212890625
3.608307361602783
5.672840118408203
4.319072723388672
2.368201732635498
3.5150394439697266
0.4667675495147705
5.584033489227295
9.626480102539062
4.913845539093018
2.824002981185913
1.612984538078308
9.462053298950195
1.2449510097503662
8.428121566772461
5.414884090423584
6.9399871826171875
5.327515602111816
2.068842887878418
6.095422267913818
1.5608175992965698
7.071472644805908
2.8928232192993164
0.7966368794441223
6.235701084136963
2.278996229171753
2.1748695373535156
3.0060577392578125
9.4404935836792
3.8660888671875
0.3767455220222473
0.9379591941833496
1.338042140007019
7.9541239738464355
4.101049900054932
0.7967386841773987
9.076284408569336
9.817571640014648
5.801266193389893
7.538646221160889
9.891661643981934
5.054837226867676
1.2409931421279907
8.503179550170898
8.024541854858398
0.20762784779071808
0.4955381751060486
7.210526943206787
1.5514684915542603
2.0438530445098877
0.3340919017791748
1.3186105489730835
1.828345537185669
8.903343200683594
3.4346728324890137
9.594425201416016
2.041163206100464
9.36616325378418
9.948845863342285
3.1949896812438965
1.7333005666732788
3.6694822311401367
6.824204444885254
5.765059947967529
4.64611291885376
4.352441787719727
-0.4948843717575073
5.076209545135498
2.4677560329437256
5.164114475250244
0.23176626861095428
5.521580219268799
1.518193244934082
3.7189364433288574
0.14559222757816315
0.30921995639801025
1.1415363550186157
6.932403087615967
9.711626052856445
4.339061737060547
5.082787990570068
10.027935028076172
6.4441752433776855
4.657950401306152
-0.2305784970521927
3.140687942504883
0.4494287371635437
2.4446322917938232
2.787261486053467
2.149439811706543
-0.15017840266227722
3.533094882965088
2.555403232574463
0.028183087706565857
7.8028788566589355
4.273837089538574
8.20404052734375
6.093347072601318
1.915258526802063
8.369577407836914
7.4319987297058105
6.301778316497803
