2.4458601474761963
7.679540157318115
1.8962812423706055
2.4641969203948975
3.6190571784973145
4.305041313171387
3.5164852142333984
3.176767587661743
2.749451160430908
5.5449299812316895
7.835763931274414
3.7138185501098633
5.724720478057861
1.9352773427963257
-1.1742887496948242
3.2820510864257812
1.4898405075073242
7.625511646270752
7.272833347320557
6.039616584777832
2.8807051181793213
4.619149684906006
5.993863582611084
3.455569267272949
7.263580799102783
4.26050329208374
7.198225498199463
1.4222244024276733
5.1645188331604
6.214076042175293
5.237827777862549
5.37368106842041
4.967187404632568
3.9143142700195312
5.666540622711182
3.4867866039276123
6.543917179107666
1.5028706789016724
7.095492839813232
2.16501784324646
6.340368747711182
2.9759507179260254
0.7989432215690613
3.4716527462005615
7.577750205993652
6.597634792327881
4.0832390785217285
3.2420494556427
3.681234836578369
2.446291208267212
2.5475172996520996
6.790366172790527
5.489623069763184
4.130223751068115
2.6557695865631104
1.6572996377944946
6.83621883392334
3.3765203952789307
5.163224697113037
1.9846947193145752
4.774435520172119
4.906983375549316
1.753452181816101
3.9235239028930664
5.060911178588867
5.193719387054443
3.1041202545166016
5.906925201416016
3.5286295413970947
5.740039825439453
2.6776018142700195
4.378840923309326
2.78145170211792
4.899970531463623
5.821282863616943
4.800020217895508
4.731108665466309
7.300836086273193
4.803765773773193
6.466186046600342
5.759690761566162
2.69811749458313
3.2098987102508545
3.5544447898864746
5.880773544311523
2.1868906021118164
3.8150439262390137
2.893047571182251
5.382786273956299
3.7247698307037354
3.636512279510498
5.851797580718994
5.687595844268799
2.8517818450927734
2.748532295227051
3.1569457054138184
4.945413589477539
7.798300743103027
3.990108013153076
4.930613994598389
6.947037696838379
2.174163818359375
2.9853901863098145
4.269345760345459
4.947585582733154
4.122363090515137
7.458068370819092
2.691370725631714
6.896081924438477
3.045619249343872
6.651323318481445
6.782015323638916
7.564920902252197
7.660868167877197
3.653822898864746
4.409358978271484
6.402048587799072
4.56062650680542
2.653129816055298
4.171736240386963
1.7818268537521362
4.553210258483887
4.827576160430908
4.490252494812012
2.5049479007720947
5.700720310211182
3.0377771854400635
4.673066139221191
6.337784290313721
2.9839985370635986
3.4433040618896484
5.025760173797607
6.227568626403809
7.058581829071045
7.1666388511657715
7.2055559158325195
7.312985897064209
5.464453220367432
6.040439128875732
4.171763896942139
7.194989204406738
5.53242826461792
3.188328742980957
4.922635555267334
2.4973788261413574
7.454914569854736
6.853198528289795
2.2214653491973877
2.798605442047119
6.53504753112793
5.665869235992432
1.3815209865570068
6.077859401702881
2.164069414138794
3.2038934230804443
3.7731192111968994
5.07011604309082
2.8600616455078125
3.088618516921997
7.709426403045654
2.426513910293579
8.261401176452637
3.698472499847412
5.343740940093994
6.601678371429443
2.9877095222473145
6.342416286468506
4.723471164703369
6.595265865325928
2.588862419128418
5.402193546295166
3.1314101219177246
6.9853596687316895
3.6705479621887207
4.538249492645264
6.247629642486572
0.7770515084266663
3.5216903686523438
6.244405269622803
3.9026365280151367
3.0961904525756836
3.8023388385772705
2.666884660720825
2.2782578468322754
7.7525634765625
3.3899195194244385
8.334613800048828
6.586526393890381
6.504520893096924
3.8002164363861084
7.389753818511963
4.840907096862793
6.222448348999023
2.9125146865844727
3.319462776184082
4.782876491546631
0.6172345280647278
2.364236354827881
4.428695201873779
2.078934907913208
7.547185897827148
3.399502754211426
1.093593955039978
5.008805274963379
8.77859878540039
3.5866634845733643
3.80977201461792
3.051038980484009
8.350203514099121
3.4522297382354736
2.9082555770874023
7.166977405548096
7.167657852172852
5.0575947761535645
1.7544341087341309
5.524470329284668
7.639997959136963
3.8064370155334473
5.195791721343994
1.7946580648422241
2.747638702392578
5.1452226638793945
3.0907771587371826
2.9928793907165527
2.2470171451568604
6.439286708831787
3.7019882202148438
3.0284194946289062
5.7393317222595215
6.5246500968933105
3.654719829559326
1.326596736907959
6.793844223022461
3.5643205642700195
5.05880069732666
3.644073724746704
1.8981808423995972
7.329237461090088
2.878272294998169
4.3330888748168945
4.228466510772705
2.8814117908477783
2.6838040351867676
3.72617244720459
8.636730194091797
0.902256965637207
6.231794834136963
1.2704249620437622
2.4585742950439453
4.703742027282715
2.016601800918579
5.107004642486572
3.550222873687744
4.018778324127197
6.440861225128174
2.0988070964813232
3.070202112197876
4.464427471160889
5.599114894866943
3.0768449306488037
6.076188564300537
6.492308139801025
3.141489028930664
3.777085542678833
5.56164026260376
2.8247580528259277
7.609623432159424
4.541241645812988
4.002164363861084
8.36107349395752
2.9990007877349854
7.434381008148193
2.6320443153381348
4.9611124992370605
5.473455905914307
3.632814645767212
2.3202905654907227
3.1198019981384277
3.260342597961426
5.455212116241455
3.719391107559204
5.452142715454102
5.834192276000977
2.8241705894470215
4.771681785583496
1.5408064126968384
4.43140172958374
3.8020212650299072
5.101863384246826
0.20413346588611603
2.6704506874084473
4.439543724060059
7.865784168243408
5.535111904144287
2.9628372192382812
2.1062309741973877
6.9143452644348145
3.0439553260803223
6.205279350280762
1.0128138065338135
3.3413608074188232
5.559250831604004
4.6682305335998535
2.6711134910583496
2.835033655166626
5.331329822540283
4.823423385620117
6.510937213897705
4.460789203643799
7.45726203918457
1.978609323501587
4.921079158782959
3.4030656814575195
0.927631676197052
3.581913709640503
3.957119941711426
4.982245922088623
5.3585734367370605
3.3499889373779297
3.338301181793213
4.740171432495117
2.2081708908081055
3.1327860355377197
8.053411483764648
4.006491661071777
-0.3682969808578491
5.239444255828857
3.6459994316101074
3.593233585357666
2.1025192737579346
6.9306511878967285
2.8923327922821045
6.181482315063477
2.3608384132385254
6.734781265258789
4.22045373916626
3.1861939430236816
7.269148349761963
8.082247734069824
5.82159948348999
5.298506736755371
4.6028618812561035
0.9778326153755188
4.762341499328613
7.684534549713135
3.485051155090332
5.20839262008667
3.0717852115631104
3.2633323669433594
4.388883113861084
4.834765911102295
2.8419127464294434
4.093405246734619
3.4544928073883057
5.161610126495361
3.3902039527893066
4.176696300506592
3.7216672897338867
-0.5564906001091003
7.6795878410339355
5.43693208694458
6.786937236785889
8.093741416931152
6.961544036865234
1.7760822772979736
4.301939010620117
6.863438129425049
8.676304817199707
5.891449451446533
5.3652424812316895
3.291490316390991
2.8864526748657227
3.0883986949920654
2.784982204437256
4.551842212677002
5.38801383972168
3.7288081645965576
5.16328239440918
4.496469020843506
4.183557510375977
1.91260826587677
1.717835545539856
3.3288023471832275
8.178974151611328
7.742117881774902
3.3983426094055176
3.752500534057617
2.0905025005340576
1.0626312494277954
7.757840633392334
3.0515196323394775
3.5763862133026123
3.777388095855713
1.8224482536315918
6.227353572845459
5.1289591789245605
2.0665130615234375
2.777451753616333
3.382941961288452
3.6971936225891113
5.188220500946045
2.824896812438965
7.41046667098999
6.345007419586182
6.425360202789307
5.047562122344971
6.902132511138916
4.457214832305908
5.153232574462891
7.711500644683838
0.7978702187538147
8.723607063293457
6.003811836242676
7.0949625968933105
5.53359317779541
3.0974817276000977
1.9495433568954468
6.012692928314209
5.008711338043213
2.379434585571289
3.094717025756836
2.6290225982666016
3.588153839111328
5.381557464599609
2.036680221557617
3.0889499187469482
7.032205104827881
6.2167205810546875
5.398677349090576
3.4924046993255615
1.827267050743103
8.167304039001465
7.3535003662109375
3.4947893619537354
6.679270267486572
2.526648998260498
3.5353856086730957
4.399322986602783
3.4068737030029297
2.7963333129882812
3.9685709476470947
6.431219100952148
6.27290678024292
7.822402000427246
5.9094929695129395
3.5839884281158447
1.0671324729919434
2.635878801345825
2.3532469272613525
2.122262954711914
2.920454978942871
2.115385055541992
7.682773113250732
2.175849437713623
4.712478160858154
2.2722373008728027
3.2088160514831543
6.2452616691589355
6.495769023895264
6.410890579223633
2.8600995540618896
1.3347747325897217
3.169248104095459
3.9258925914764404
5.932600498199463
2.3902153968811035
3.3859238624572754
0.6671610474586487
3.86167049407959
4.759949684143066
1.4325391054153442
8.556448936462402
3.9542596340179443
4.386534214019775
6.054162502288818
2.8534996509552
7.262091159820557
7.270157337188721
4.1783127784729
1.123497486114502
1.7513388395309448
2.549309730529785
7.001565933227539
4.201355457305908
1.115904450416565
2.6786246299743652
4.629226207733154
3.5231411457061768
6.716532230377197
5.341966152191162
3.224531412124634
4.543921947479248
5.178090572357178
7.014306545257568
2.043858766555786
3.2764110565185547
5.637706279754639
6.643943786621094
3.7925527095794678
7.526477813720703
7.765266418457031
6.576969623565674
6.889106273651123
1.7732096910476685
2.890486717224121
3.1974687576293945
1.7488081455230713
0.7206178307533264
7.471585273742676
6.061299800872803
4.742401123046875
1.8878791332244873
1.6976147890090942
2.583397388458252
5.437397480010986
5.902563095092773
5.085189342498779
3.440998077392578
2.4401423931121826
6.4215617179870605
5.491082191467285
6.7281975746154785
3.4011387825012207
2.802330493927002
3.600572109222412
3.917349338531494
6.051318645477295
3.75772762298584
2.5260231494903564
5.363671779632568
3.2298874855041504
2.017659902572632
5.819527626037598
-0.22669674456119537
-0.02364368736743927
2.8594493865966797
4.959360122680664
3.93546724319458
2.296780586242676
4.941422939300537
4.724890232086182
4.5136399269104
1.5884472131729126
1.88223397731781
3.3158206939697266
7.368190288543701
0.9940425157546997
4.580292701721191
3.8061628341674805
2.687873601913452
2.336989402770996
7.509652137756348
4.316742897033691
6.288245677947998
6.372929096221924
3.592745780944824
1.93893563747406
2.135237455368042
1.3568145036697388
6.907919406890869
2.9093174934387207
3.183100700378418
8.46977710723877
2.4177401065826416
1.897975206375122
7.560035228729248
3.351059675216675
4.983133792877197
6.430283069610596
3.4793384075164795
4.765725612640381
6.43929386138916
1.9471441507339478
7.315862655639648
8.157669067382812
7.610795021057129
1.1978720426559448
2.4031496047973633
2.530764579772949
3.480013847351074
4.859816551208496
3.4722399711608887
7.450967311859131
1.4899197816848755
7.603067874908447
4.909427642822266
2.095782995223999
2.624021291732788
2.0671141147613525
5.5914154052734375
2.681706190109253
5.791019916534424
2.236924648284912
3.289548873901367
8.185224533081055
5.036189556121826
3.8908865451812744
4.268503665924072
4.038700580596924
4.103897571563721
3.335876226425171
6.845291614532471
7.5914177894592285
2.331141233444214
3.195094585418701
4.377912998199463
7.475142002105713
2.614291191101074
5.120036602020264
2.646531820297241
4.929869174957275
5.140237808227539
3.3126535415649414
1.4494857788085938
3.9026830196380615
1.799576759338379
3.6677379608154297
3.7240257263183594
4.455948352813721
6.8753180503845215
3.0455565452575684
3.204357385635376
5.879575729370117
1.837937593460083
7.986505031585693
2.64493465423584
3.2897896766662598
1.379734992980957
6.611408710479736
4.0852227210998535
6.653110980987549
3.0709125995635986
7.453668117523193
4.825552463531494
2.6029739379882812
4.3604960441589355
3.9525599479675293
1.5664933919906616
4.148149013519287
6.311653137207031
1.5817534923553467
2.7664642333984375
2.7582826614379883
7.462622165679932
5.24807071685791
1.8728693723678589
4.451106071472168
2.338158130645752
3.253570556640625
3.465696096420288
5.173954963684082
4.155417442321777
1.710357427597046
4.202383995056152
2.2152018547058105
6.932857990264893
5.545100688934326
3.916257381439209
4.553617477416992
1.6025346517562866
3.178431510925293
3.259281635284424
2.243014097213745
7.59959077835083
2.7383322715759277
7.32442569732666
1.5720301866531372
5.151257514953613
3.5309855937957764
0.5701329112052917
5.6520609855651855
0.5599582195281982
8.064785957336426
2.1117289066314697
3.2498607635498047
0.6120274662971497
2.43464732170105
2.4219000339508057
7.721141338348389
3.478390693664551
0.7890260815620422
4.710078239440918
2.68829345703125
6.461174488067627
2.802855968475342
6.688540935516357
7.187331676483154
2.7756783962249756
6.929123401641846
3.922346591949463
3.141632318496704
2.9039220809936523
1.3175151348114014
7.282535076141357
8.041090965270996
6.457526206970215
3.8706777095794678
1.7913997173309326
5.398189067840576
4.288583278656006
8.646952629089355
2.413100004196167
3.0303125381469727
6.111172676086426
5.91340970993042
5.228434085845947
3.875338554382324
1.9292480945587158
2.6058034896850586
6.42229700088501
4.932331562042236
0.9150447845458984
3.1263790130615234
4.734930992126465
4.91231107711792
6.14336633682251
5.43670129776001
8.47922420501709
3.6802351474761963
2.3141610622406006
6.649461269378662
2.8199622631073
4.504566192626953
4.909156322479248
3.043877124786377
3.7948074340820312
5.228173732757568
3.4739131927490234
3.5474236011505127
3.433922290802002
5.5722222328186035
4.471992492675781
2.7517218589782715
3.5341572761535645
2.274254083633423
2.43961763381958
5.306437015533447
4.9268879890441895
6.0950608253479
5.302150249481201
1.9828816652297974
7.334290027618408
5.988229274749756
1.7356117963790894
2.1040892601013184
2.520561695098877
3.737867593765259
7.347615718841553
7.890695095062256
0.774816632270813
5.499032497406006
5.049097537994385
3.109917163848877
7.40228796005249
6.507926940917969
4.328849792480469
6.821208477020264
2.445974588394165
3.765425682067871
4.264330863952637
5.48825740814209
5.899093151092529
7.165794849395752
7.770510673522949
5.627594947814941
6.400763034820557
2.6480555534362793
3.5093979835510254
7.2041449546813965
2.8986263275146484
6.9711737632751465
4.636594295501709
4.552772045135498
7.680649280548096
5.29568338394165
3.535372495651245
6.147655963897705
6.727184772491455
3.619551420211792
2.356123447418213
2.7147116661071777
1.4919027090072632
1.7734512090682983
7.709392070770264
3.1788010597229004
3.263519048690796
6.855102062225342
2.3937675952911377
5.540886402130127
3.223083019256592
5.572009563446045
3.027526378631592
6.531370639801025
2.939584732055664
3.28773832321167
7.812297344207764
1.7001210451126099
6.267719745635986
7.216054439544678
6.145391464233398
3.191492795944214
6.652615070343018
3.056333541870117
3.160259962081909
4.963625431060791
8.063389778137207
4.975602626800537
2.9607577323913574
4.209811210632324
2.4562103748321533
3.106431722640991
5.070655822753906
3.9875097274780273
2.5369296073913574
3.858859062194824
2.535723924636841
3.6291494369506836
1.980090856552124
5.81532621383667
3.094038724899292
7.101813793182373
7.16752815246582
7.971005916595459
5.687336444854736
2.4591543674468994
2.7490973472595215
4.563285827636719
5.255630970001221
7.37598180770874
4.671438217163086
4.232820510864258
6.092848777770996
3.9132442474365234
7.641279697418213
8.002584457397461
3.8951497077941895
3.242936134338379
4.353790283203125
3.676372528076172
4.389022350311279
3.3923802375793457
3.935394287109375
3.79060697555542
2.55649995803833
1.1709086894989014
2.0531914234161377
1.8548885583877563
7.374082088470459
1.9189876317977905
1.9780577421188354
1.8810020685195923
6.6704325675964355
4.58441686630249
2.6672523021698
6.622015953063965
0.8317561745643616
6.434054374694824
3.554375171661377
5.952121734619141
6.0968451499938965
8.276728630065918
4.4248247146606445
5.014881610870361
4.504117012023926
3.512890100479126
2.703029155731201
2.978733539581299
4.63623571395874
4.371413707733154
3.7988028526306152
2.459643840789795
4.733175277709961
6.704893112182617
5.842011451721191
2.2695443630218506
8.654986381530762
2.557405948638916
3.5223517417907715
3.4158942699432373
2.058846950531006
1.9771987199783325
7.331730365753174
3.0460901260375977
6.2837347984313965
2.8827552795410156
3.0664544105529785
1.112209439277649
4.392683029174805
4.4205732345581055
3.856822967529297
2.7823777198791504
6.6247663497924805
3.046039581298828
4.460205554962158
4.164708137512207
0.2690965533256531
4.546483039855957
7.545557498931885
3.3151183128356934
2.9104413986206055
2.305145740509033
2.916823625564575
6.166286945343018
2.7749288082122803
0.8024368286132812
4.381362438201904
7.586042881011963
4.812971115112305
2.496731996536255
2.5435502529144287
8.682373046875
3.487903356552124
6.5443549156188965
1.9903117418289185
5.81744909286499
5.109142780303955
3.9489879608154297
3.5130629539489746
2.9597158432006836
6.402144432067871
2.6034278869628906
3.338348865509033
6.4390363693237305
2.202561140060425
0.5827041268348694
5.208125591278076
4.548321723937988
4.162017345428467
3.1431655883789062
5.893127918243408
0.8009694218635559
6.502517223358154
5.688065052032471
5.550295352935791
6.9548659324646
7.931283473968506
3.55902099609375
6.623229026794434
6.784698486328125
3.8752007484436035
2.8606748580932617
7.4732136726379395
6.116856098175049
1.8521958589553833
2.6022536754608154
5.185722827911377
2.727151393890381
2.142354965209961
3.5214991569519043
2.089398145675659
3.3593082427978516
6.348151206970215
3.79844331741333
5.3380866050720215
1.9749304056167603
4.845137119293213
7.989662170410156
2.596964120864868
3.108680248260498
3.981623888015747
6.86557149887085
4.60617733001709
4.280038833618164
3.576533079147339
2.924121856689453
4.429059028625488
3.9813663959503174
4.919959545135498
1.931854248046875
6.100840091705322
1.381076455116272
4.092710971832275
3.761042594909668
1.8112635612487793
2.87443470954895
4.654587268829346
6.416929244995117
4.14275598526001
2.1676571369171143
7.0336503982543945
6.3131327629089355
6.209908962249756
3.3373546600341797
3.9937527179718018
3.2629547119140625
2.8196587562561035
3.7315120697021484
4.579855442047119
2.111319065093994
3.842499256134033
3.581287384033203
3.0021138191223145
6.740036487579346
4.5608367919921875
7.145407199859619
4.480147361755371
2.621920585632324
4.7141804695129395
4.0336713790893555
6.158590793609619
