2.550530433654785
8.886488914489746
2.991299867630005
2.0610573291778564
2.975886344909668
4.87653923034668
3.2007527351379395
3.4401614665985107
2.657352924346924
4.946123123168945
6.43239164352417
4.429944038391113
5.21279239654541
3.2222542762756348
0.8340045809745789
3.800013542175293
1.3473318815231323
6.149786949157715
6.175543308258057
4.331672191619873
3.261059284210205
4.282732963562012
6.09838342666626
3.068553924560547
7.082057952880859
6.091068267822266
5.974626541137695
1.3282197713851929
5.7643280029296875
5.835508823394775
5.417532444000244
5.1189422607421875
6.45049524307251
5.007367134094238
5.568364143371582
3.856638193130493
6.412643909454346
-0.9185640215873718
6.848498821258545
2.193687915802002
6.180412292480469
3.4084296226501465
0.9118574261665344
2.9101667404174805
7.123889923095703
6.895527362823486
3.5109500885009766
3.4011151790618896
4.490538597106934
1.2230280637741089
2.8754653930664062
7.120439529418945
5.888916015625
5.182450294494629
2.5931060314178467
2.673879623413086
8.06786823272705
2.5954694747924805
4.820347785949707
2.3165926933288574
4.9619035720825195
4.906323432922363
2.8167757987976074
3.8505988121032715
5.199021339416504
4.6494460105896
3.5003201961517334
5.443315505981445
4.721498489379883
5.757658004760742
3.161026954650879
5.5027360916137695
3.105954647064209
5.626489639282227
5.137983322143555
5.426273345947266
4.965908527374268
7.922966957092285
5.19686222076416
5.6612043380737305
4.377279281616211
3.2496085166931152
3.7926025390625
3.756134033203125
5.639276504516602
2.838325023651123
4.198097229003906
3.663341760635376
5.82879638671875
3.890655279159546
3.976179361343384
6.4091596603393555
5.297872543334961
3.0110034942626953
2.1370198726654053
3.6234946250915527
6.304483890533447
8.563749313354492
3.979494094848633
4.600363731384277
6.614356994628906
2.796504020690918
2.9009227752685547
4.149238109588623
5.8783979415893555
5.459865570068359
8.33089828491211
3.511911630630493
7.050468921661377
3.1576144695281982
7.729168891906738
7.539092063903809
8.020949363708496
7.74197244644165
4.009276390075684
5.54160213470459
5.420458793640137
5.018926620483398
2.994180917739868
5.333627700805664
2.0703835487365723
4.916194915771484
5.222192287445068
4.312671661376953
2.5235908031463623
5.602445602416992
3.23258376121521
4.781162261962891
6.0269455909729
3.2305126190185547
3.807013750076294
5.382022380828857
6.194931507110596
9.620377540588379
7.62821102142334
7.017495155334473
7.598326206207275
5.260200500488281
5.481999397277832
4.678206443786621
6.404533386230469
4.82646369934082
3.4506585597991943
4.488580226898193
2.5425682067871094
8.240857124328613
6.338067531585693
2.291944980621338
3.686894416809082
5.757624626159668
5.876914024353027
2.473893165588379
5.73916482925415
1.8438031673431396
2.7272086143493652
3.1338698863983154
5.419363975524902
2.551215171813965
2.938699245452881
7.9542951583862305
2.9492123126983643
8.594942092895508
4.479388236999512
3.2665271759033203
7.229410648345947
3.052398204803467
5.528307914733887
5.308549880981445
7.190103530883789
3.8070738315582275
5.996257781982422
3.262047052383423
6.287446022033691
4.982513427734375
6.559392929077148
6.791131019592285
3.2423479557037354
4.023931503295898
6.255972862243652
4.392019271850586
3.3156886100769043
4.619843006134033
2.679734230041504
2.0087156295776367
9.145011901855469
4.474606990814209
7.6166839599609375
6.512557029724121
5.9981184005737305
3.9388411045074463
8.258845329284668
4.891199111938477
4.826187610626221
3.2405152320861816
3.8393893241882324
4.129439353942871
0.24235442280769348
2.938776969909668
4.484674453735352
2.2061235904693604
6.75462532043457
3.4741148948669434
2.8559012413024902
4.917186737060547
9.529111862182617
3.49778413772583
4.367310523986816
3.269428253173828
9.315269470214844
4.277798652648926
2.0021326541900635
6.83083438873291
6.602804660797119
4.399829864501953
2.7025671005249023
5.292915344238281
8.602869987487793
4.462220668792725
6.266399383544922
2.195305347442627
4.23441219329834
5.103754997253418
3.5705642700195312
2.52866792678833
2.175511360168457
6.489845275878906
4.6282854080200195
3.012249231338501
5.237296104431152
6.906235694885254
4.225128173828125
2.6434884071350098
7.168393135070801
3.5888142585754395
5.028769493103027
3.8442559242248535
1.048145055770874
8.278580665588379
2.904081344604492
3.7222251892089844
4.311313629150391
3.011766195297241
3.68174409866333
4.49969482421875
7.521341800689697
0.9404446482658386
5.741166114807129
2.0045392513275146
2.632305145263672
4.785393714904785
2.740746021270752
5.148937702178955
3.653104782104492
3.8951258659362793
7.251369953155518
2.7373740673065186
4.245025157928467
5.039998531341553
5.0933756828308105
2.4321091175079346
5.499030113220215
4.88916015625
4.00234317779541
3.95646071434021
5.2204790115356445
2.539005756378174
7.724282264709473
5.4773712158203125
4.9130167961120605
8.971202850341797
2.1319358348846436
6.53284215927124
3.987494945526123
4.478398323059082
5.5064544677734375
4.088665008544922
3.123460054397583
3.641909122467041
3.177842617034912
5.119180679321289
4.42876672744751
6.386760711669922
5.84932804107666
2.511232852935791
4.723856449127197
2.670820951461792
4.435826778411865
3.489316940307617
4.917967319488525
0.919998824596405
2.6243412494659424
5.281879901885986
7.54826545715332
6.121995449066162
5.39360237121582
1.7323250770568848
7.383109092712402
2.887765407562256
5.456096649169922
1.7771817445755005
3.923377752304077
5.265953063964844
4.907464981079102
3.636974334716797
3.397723436355591
5.948381423950195
4.963628768920898
6.717372894287109
4.695076942443848
6.679486274719238
3.1774606704711914
5.121738433837891
3.7634809017181396
0.7589291930198669
3.2548441886901855
3.8739607334136963
6.005160808563232
5.5035295486450195
3.991595983505249
3.6483445167541504
5.1012115478515625
2.453582286834717
3.2717950344085693
8.590085983276367
4.8764472007751465
0.45886898040771484
5.547608852386475
4.450896263122559
3.402740001678467
2.166727066040039
7.092565536499023
2.642552375793457
6.4412970542907715
1.9104746580123901
5.76917839050293
4.669839859008789
4.4924445152282715
6.838464260101318
8.677114486694336
6.494542121887207
4.936811447143555
4.507129192352295
2.618227958679199
3.694643020629883
6.707263946533203
3.813849687576294
5.608441352844238
4.331997394561768
2.7486352920532227
3.6117658615112305
4.572657108306885
3.6710333824157715
4.683565139770508
3.6394381523132324
5.558115482330322
2.8680315017700195
4.714278697967529
3.5101211071014404
-0.5770750641822815
8.096212387084961
4.904139041900635
6.9103546142578125
7.26529598236084
7.681438446044922
2.6879734992980957
5.042101860046387
7.182039260864258
8.71056842803955
5.674234390258789
5.276933193206787
3.914942741394043
2.8403215408325195
3.917224407196045
3.757354497909546
3.83512020111084
5.230803489685059
5.536838054656982
4.525823593139648
5.549020290374756
3.7842788696289062
1.9234634637832642
2.0176918506622314
3.3301947116851807
7.202779293060303
8.491621971130371
3.757141351699829
3.4949584007263184
1.2996199131011963
2.5849666595458984
7.930703163146973
2.902620315551758
5.178105354309082
3.553990364074707
2.2478909492492676
6.160984516143799
4.992758750915527
2.1912734508514404
2.6349308490753174
1.2135316133499146
3.664956569671631
3.9035308361053467
2.194225788116455
7.183164596557617
7.230268478393555
6.783533573150635
7.325759410858154
8.45139217376709
4.856916427612305
4.282697677612305
6.0250773429870605
0.15202341973781586
8.480925559997559
6.688228607177734
7.781226634979248
6.370367050170898
3.1925699710845947
3.5587716102600098
5.988703727722168
5.170711517333984
3.984212636947632
3.2866034507751465
2.1182963848114014
4.035029888153076
5.210150241851807
2.5929527282714844
3.876621723175049
6.692561149597168
5.040255069732666
5.784027099609375
4.338373184204102
2.01810622215271
7.489095687866211
8.009592056274414
4.6896772384643555
6.810977935791016
3.541041851043701
3.199519157409668
4.41632080078125
3.7589643001556396
2.9211032390594482
4.226149082183838
6.43923282623291
7.334054946899414
8.659944534301758
6.24257755279541
3.9278643131256104
1.6703115701675415
2.1970481872558594
1.745714545249939
2.138247013092041
3.695051431655884
3.745108127593994
7.535788536071777
4.298854351043701
6.098316669464111
1.2851170301437378
2.989699125289917
6.584200859069824
5.488206386566162
6.0404372215271
3.125459671020508
2.8442230224609375
3.523380756378174
4.3517842292785645
5.76712703704834
2.476030111312866
4.669735908508301
2.4773857593536377
4.909278869628906
4.252073764801025
1.83207106590271
8.25661563873291
3.509873390197754
5.244994163513184
6.124646186828613
3.924103260040283
6.818564414978027
7.247585296630859
3.942319869995117
2.8366951942443848
3.4188385009765625
4.281346321105957
6.993169784545898
3.4644742012023926
1.8822416067123413
2.7093350887298584
5.949228286743164
2.8623037338256836
6.582319259643555
5.3916215896606445
3.593505620956421
3.136201858520508
5.818113327026367
6.020176410675049
1.813777208328247
2.9153146743774414
6.0180583000183105
4.925724029541016
5.131202697753906
7.47322940826416
7.887806415557861
7.638587951660156
6.139703750610352
3.7376832962036133
2.133112907409668
2.5694034099578857
2.5134048461914062
1.8564831018447876
7.875960826873779
5.34859037399292
5.520593643188477
4.200530529022217
2.131899356842041
5.318108558654785
5.931093215942383
5.04580020904541
4.739410400390625
4.776238441467285
2.9906067848205566
6.895763874053955
5.258615493774414
7.72742223739624
2.358706474304199
2.0252459049224854
4.006328582763672
4.099727630615234
6.851178169250488
4.554011821746826
3.0178847312927246
4.3344621658325195
2.726224422454834
1.2306817770004272
5.933492660522461
0.41834378242492676
1.6394351720809937
3.268568992614746
5.353246688842773
3.7823047637939453
2.1911940574645996
5.26107931137085
5.299355506896973
4.034282684326172
4.028656482696533
2.3607287406921387
3.3909921646118164
7.941151142120361
0.44017940759658813
3.8224563598632812
4.039217948913574
4.650016784667969
1.7716728448867798
7.4832658767700195
4.536064147949219
5.459341049194336
6.486238479614258
6.05190896987915
2.675271987915039
1.8810981512069702
1.871684193611145
7.439940929412842
3.0025277137756348
3.409637451171875
7.541385173797607
2.8336310386657715
0.8965339660644531
8.873404502868652
4.672473430633545
4.28297233581543
6.605579853057861
4.049535751342773
2.957000255584717
5.87222146987915
3.4279022216796875
6.397481441497803
9.165963172912598
7.11465311050415
1.4508510828018188
2.1320478916168213
2.848580837249756
4.932353973388672
4.93856954574585
4.370360851287842
8.044425010681152
2.339198589324951
7.974648475646973
3.433865547180176
3.7144932746887207
2.5517830848693848
2.454233169555664
5.50300931930542
2.606100082397461
5.346128463745117
1.706650733947754
3.4002397060394287
7.7870097160339355
5.756772994995117
4.077883243560791
4.258424282073975
4.151523113250732
6.66396427154541
3.9947397708892822
7.163748741149902
7.867785453796387
2.996232032775879
3.0317282676696777
4.382679462432861
8.940320014953613
2.384150266647339
5.495438098907471
2.608367919921875
6.3678741455078125
5.046492576599121
3.902487277984619
2.9835333824157715
5.020925045013428
1.593985915184021
4.781593322753906
3.9186315536499023
5.2118000984191895
5.403408050537109
3.6775732040405273
2.9700398445129395
5.584689140319824
2.708529472351074
7.980688095092773
2.236630439758301
3.68013334274292
2.39211368560791
6.324251174926758
5.675989151000977
6.694252967834473
3.275710105895996
6.470771312713623
5.4566545486450195
3.2211556434631348
4.57520866394043
4.456745624542236
4.021306037902832
4.094635963439941
7.239466667175293
1.571427583694458
4.314411640167236
2.488445281982422
7.5786051750183105
5.576854705810547
2.164236545562744
4.884767532348633
3.0139904022216797
4.115053176879883
3.9942638874053955
6.110377788543701
3.5326857566833496
3.1161582469940186
4.183731555938721
3.040886878967285
6.238925457000732
5.277928352355957
4.121403694152832
4.548430442810059
2.2515201568603516
3.306734085083008
4.256443977355957
3.7431247234344482
8.887967109680176
3.7718441486358643
6.59178352355957
0.26060158014297485
5.191685676574707
4.010106563568115
4.41141939163208
5.423410415649414
0.15618252754211426
6.77375602722168
2.024041175842285
3.0229341983795166
3.1453728675842285
3.6224589347839355
3.0473124980926514
8.075652122497559
3.6678948402404785
1.390665054321289
5.537075042724609
2.867349863052368
6.138331890106201
3.0398669242858887
6.620920658111572
6.558732032775879
2.534726858139038
7.118345260620117
4.385855674743652
4.229406356811523
4.703578948974609
3.0813493728637695
6.790712833404541
8.648449897766113
6.481237411499023
3.929380416870117
1.5883437395095825
4.441089153289795
5.062880516052246
7.621212482452393
3.6165645122528076
4.195473670959473
5.431951522827148
4.729763031005859
4.7163286209106445
4.479021072387695
1.6489990949630737
3.0158565044403076
5.88387393951416
4.450711250305176
5.123788356781006
3.933997631072998
4.877702713012695
5.558285713195801
5.853403568267822
4.579824924468994
8.031848907470703
4.237433433532715
2.701000690460205
5.337348461151123
3.0539655685424805
5.614370346069336
5.0385637283325195
2.8527908325195312
3.20920991897583
5.1289825439453125
3.5255818367004395
4.419400215148926
3.9740471839904785
6.439777374267578
4.769968509674072
3.368926525115967
3.7162387371063232
2.432563066482544
3.014838695526123
4.981454849243164
5.459033489227295
6.6296186447143555
6.209018707275391
2.549527645111084
7.457379341125488
6.72868537902832
2.4020936489105225
2.777442693710327
4.595217227935791
3.9602324962615967
5.402917861938477
5.781412601470947
1.1519297361373901
4.73525333404541
4.058155536651611
3.7089407444000244
6.745190620422363
6.154587745666504
5.297733306884766
7.254610538482666
2.6958272457122803
3.7011518478393555
4.753751754760742
6.347876071929932
6.571319580078125
7.4902849197387695
8.268488883972168
6.570524215698242
5.725062370300293
2.3839662075042725
3.8356542587280273
7.573760986328125
3.757800579071045
7.632911205291748
5.712585926055908
5.182110786437988
7.382397651672363
5.680731773376465
2.3926749229431152
6.315207004547119
5.736661434173584
3.1327781677246094
2.7111146450042725
2.9483649730682373
2.2684402465820312
1.5650120973587036
7.971932411193848
4.517823696136475
2.8794984817504883
5.737993240356445
3.079047441482544
6.385857582092285
2.6427040100097656
5.716613292694092
4.201177597045898
6.681205749511719
3.4546005725860596
3.4911041259765625
6.729308128356934
2.6158530712127686
5.298860549926758
6.895038604736328
5.841835975646973
3.9886672496795654
6.181097984313965
3.6507294178009033
3.3700039386749268
5.042145729064941
6.75032377243042
5.45331335067749
2.898162841796875
4.723133087158203
1.8873409032821655
4.058482646942139
5.865457534790039
4.679904937744141
3.2917022705078125
3.6001391410827637
2.3385164737701416
4.798637390136719
3.3660764694213867
6.78904390335083
3.025627613067627
7.442358016967773
6.3270087242126465
8.74712085723877
5.1799163818359375
3.336804151535034
2.9799644947052
4.63456916809082
6.102120399475098
7.004580020904541
4.992491245269775
4.051729679107666
5.665767669677734
5.697096347808838
9.146714210510254
8.128602027893066
5.413189888000488
4.011227130889893
5.373076438903809
3.9972891807556152
5.173045635223389
4.209497451782227
5.378608703613281
3.5094196796417236
2.705789566040039
2.923149824142456
2.777712345123291
1.7097762823104858
6.003495216369629
3.393585205078125
2.721855640411377
1.9948192834854126
6.254789352416992
4.301177978515625
3.573720693588257
6.483652114868164
-0.28915369510650635
5.74748420715332
3.5473387241363525
4.555639743804932
4.96782922744751
8.832122802734375
4.107343673706055
3.7901711463928223
6.4262237548828125
2.88940167427063
3.4297449588775635
3.210952043533325
4.925403118133545
4.385724067687988
3.69610857963562
3.2698559761047363
3.809220314025879
6.472321510314941
5.003818035125732
3.2329823970794678
10.197694778442383
3.382754325866699
3.6951074600219727
2.998453378677368
2.778543472290039
1.7486608028411865
7.559840202331543
3.4696896076202393
6.9073486328125
2.7685952186584473
3.363464832305908
0.501253604888916
4.694679260253906
5.4122114181518555
4.571983337402344
1.5417500734329224
5.870364189147949
3.9994611740112305
5.196091651916504
4.634077548980713
0.7423976063728333
5.115715026855469
7.563140869140625
4.619729995727539
3.9520654678344727
2.985102891921997
3.0071775913238525
7.212838172912598
1.6292918920516968
1.2066963911056519
4.871796607971191
4.274021625518799
3.4795665740966797
2.5289533138275146
2.796548366546631
8.133951187133789
4.856780052185059
5.566039085388184
2.4217939376831055
5.0233845710754395
4.338630676269531
4.45838737487793
4.856375694274902
2.1729445457458496
5.772828102111816
2.1855010986328125
3.0767149925231934
5.973941326141357
1.901243805885315
0.0493953600525856
4.719993591308594
5.062777996063232
4.172093391418457
3.044809341430664
5.327017784118652
0.7919528484344482
5.585798263549805
5.618921756744385
5.785711765289307
7.421653747558594
7.459010124206543
3.8881101608276367
7.507383823394775
5.690834045410156
4.697150230407715
2.8699662685394287
7.065511703491211
6.00067138671875
1.9817359447479248
2.3652291297912598
4.434349060058594
3.635169506072998
3.097198724746704
4.8571367263793945
3.6741108894348145
4.09945011138916
5.393318176269531
4.777719020843506
4.055015563964844
1.8291807174682617
4.798372745513916
7.668744087219238
2.1882107257843018
4.240637302398682
4.340290546417236
7.876708984375
5.5494208335876465
5.087995529174805
4.131237030029297
3.129056453704834
4.957817554473877
3.9275033473968506
6.014594554901123
1.5712231397628784
6.07958459854126
1.5770548582077026
4.714458465576172
4.848819255828857
3.8775556087493896
3.762885570526123
5.457887649536133
5.273241996765137
4.854435920715332
2.9946627616882324
8.435226440429688
6.686000347137451
5.285707473754883
3.8500051498413086
3.841533660888672
4.785665512084961
2.8591392040252686
3.524858236312866
5.280512809753418
2.4543838500976562
4.762517929077148
4.542758941650391
2.9130845069885254
6.594109058380127
4.468825340270996
7.236124038696289
4.6837992668151855
3.213766574859619
6.006199836730957
4.004458427429199
5.582188606262207
