1.056264042854309
8.103963851928711
1.7588682174682617
2.035485029220581
4.731300354003906
5.549938201904297
4.599483966827393
5.138357639312744
1.839155673980713
6.37144136428833
8.319863319396973
3.1707088947296143
7.923480987548828
0.5879496932029724
2.298144578933716
3.8161091804504395
3.251110792160034
7.861021995544434
7.39596700668335
8.063628196716309
6.273848056793213
1.8308303356170654
6.162851333618164
4.972515106201172
7.8698248863220215
7.510417938232422
7.975250244140625
0.5702205300331116
3.809565782546997
4.128222942352295
4.776551246643066
1.3477778434753418
6.670060634613037
4.34497594833374
5.107194900512695
6.229705333709717
8.195225715637207
0.3514501452445984
5.587896823883057
1.503137230873108
8.364456176757812
7.844353199005127
0.9434666633605957
3.4069995880126953
7.952942848205566
7.663309574127197
1.4119102954864502
3.7172024250030518
2.1287057399749756
2.6318037509918213
5.253945827484131
7.783875465393066
7.99910831451416
1.7517890930175781
7.581952095031738
0.8086979985237122
6.900688648223877
6.059145450592041
2.1539394855499268
1.194042682647705
3.185819387435913
3.1971986293792725
0.8899770379066467
6.288047790527344
3.677415132522583
7.924485206604004
4.18752384185791
7.52019739151001
2.9710893630981445
8.230938911437988
1.3030508756637573
7.372656345367432
2.5028531551361084
3.1830337047576904
7.146285057067871
1.0022599697113037
2.2521917819976807
7.570000171661377
2.632462739944458
7.082432270050049
1.1737165451049805
0.878788948059082
3.9826819896698
6.20621919631958
7.489767551422119
2.4018747806549072
3.036170721054077
2.4390718936920166
6.744998931884766
2.9756035804748535
1.9866664409637451
7.042816638946533
7.709744930267334
1.9453792572021484
0.970058023929596
3.015456199645996
6.084648132324219
8.120131492614746
4.321492671966553
4.6459150314331055
7.873453617095947
2.2398173809051514
6.845733165740967
7.668612957000732
7.930787086486816
4.569700717926025
8.441171646118164
4.541898250579834
7.016841888427734
7.817919731140137
5.338223457336426
7.897706508636475
8.220633506774902
8.183576583862305
3.5365078449249268
1.6290051937103271
6.63086462020874
4.476387977600098
2.813436508178711
3.091153383255005
1.9659019708633423
3.589796781539917
2.9400827884674072
5.4429473876953125
4.177794456481934
8.01806640625
2.2918953895568848
4.47405481338501
7.535128593444824
2.4681355953216553
3.7483479976654053
3.9293291568756104
6.675271034240723
5.402063369750977
6.653713226318359
8.214496612548828
7.7035088539123535
5.096293926239014
6.769265651702881
1.2935302257537842
6.202057361602783
4.359529972076416
1.609192132949829
7.025572299957275
0.8155786395072937
7.555039882659912
8.015951156616211
2.028752565383911
2.042454481124878
8.244500160217285
2.8469669818878174
2.2926151752471924
7.807028293609619
3.3305275440216064
4.722663402557373
1.4335767030715942
6.429209232330322
4.965469837188721
3.598304510116577
8.142542839050293
1.742576241493225
7.956785678863525
7.145716190338135
1.0043375492095947
6.602649211883545
3.0908074378967285
6.7435455322265625
1.3460640907287598
3.4011483192443848
2.4972739219665527
7.593876361846924
4.527871608734131
5.036910533905029
6.769952297210693
5.451320171356201
7.2344231605529785
0.620718777179718
1.6564903259277344
5.984422206878662
3.670311212539673
2.6008474826812744
4.473573207855225
2.904332160949707
1.1006755828857422
7.598254680633545
1.6333885192871094
8.202751159667969
7.713202476501465
7.526284694671631
2.1517627239227295
8.031214714050293
1.5446510314941406
8.132807731628418
2.3197929859161377
4.283328533172607
2.651660203933716
0.6845669150352478
1.1812273263931274
3.352997303009033
1.801670789718628
8.220372200012207
5.3654046058654785
0.9911611676216125
4.524302005767822
8.19879150390625
3.656829357147217
3.9465322494506836
6.303508281707764
6.718043327331543
5.650227069854736
1.0738754272460938
8.008476257324219
7.622795581817627
6.966121673583984
3.0972774028778076
7.524081707000732
7.975285053253174
5.627132892608643
3.471287250518799
1.7412588596343994
1.767127275466919
2.9305217266082764
4.166933059692383
5.895897388458252
0.5390745401382446
5.961690425872803
7.11823844909668
2.9865224361419678
8.048186302185059
6.099853038787842
0.7647802233695984
0.5967598557472229
8.328024864196777
3.6789114475250244
6.126555919647217
8.173005104064941
2.64186429977417
4.4994072914123535
4.4337053298950195
1.07106614112854
3.4922468662261963
1.1130868196487427
2.3568902015686035
1.3738654851913452
8.227033615112305
2.3314197063446045
7.714982509613037
0.3714340329170227
1.9199440479278564
6.251405239105225
1.6652309894561768
5.695578098297119
3.914116621017456
4.157846450805664
6.96652364730835
0.5103325247764587
7.187771797180176
6.421205043792725
7.427514553070068
5.93427848815918
7.762359619140625
7.551738739013672
1.107588291168213
3.4034502506256104
6.808404922485352
2.7208333015441895
7.965632438659668
2.7570888996124268
6.236006736755371
8.162137031555176
3.509751081466675
7.741819381713867
1.4864027500152588
5.135592937469482
3.73718523979187
1.8799376487731934
2.293843984603882
1.7538533210754395
7.095684051513672
7.945209503173828
6.802734851837158
4.840973377227783
6.564449787139893
2.707808494567871
6.968934535980225
4.403688907623291
7.046963214874268
5.378413200378418
7.196295261383057
1.4757122993469238
1.5871243476867676
2.5789260864257812
7.975219249725342
7.606861591339111
7.4993109703063965
1.0528173446655273
7.895556926727295
2.6546437740325928
7.55964994430542
1.0726298093795776
4.165402889251709
2.394385576248169
2.356513738632202
1.3050503730773926
4.198038578033447
7.344052314758301
2.9551050662994385
7.7216105461120605
4.442756652832031
7.661872863769531
5.643497943878174
7.955417633056641
2.740453004837036
0.6899221539497375
1.0122694969177246
2.8862907886505127
5.395195484161377
5.222221851348877
1.4070587158203125
6.798753261566162
6.830408096313477
2.4349780082702637
0.8233759999275208
8.1543607711792
7.536028861999512
0.6723909974098206
6.131006717681885
4.260517597198486
2.4870693683624268
1.8937122821807861
7.709275722503662
4.14339017868042
7.464227199554443
1.7731914520263672
8.217516899108887
3.182382345199585
4.848373889923096
7.601285934448242
7.835507869720459
5.841403007507324
8.12643814086914
7.438059329986572
1.183215856552124
2.80551815032959
7.724747180938721
3.072211503982544
6.40602445602417
3.7056000232696533
2.7854502201080322
7.7388787269592285
2.4474923610687256
0.8724676370620728
5.2076592445373535
2.4396495819091797
6.788259029388428
2.3223352432250977
1.882215976715088
2.082799196243286
0.8317621350288391
8.168182373046875
3.052665948867798
7.0071587562561035
8.075234413146973
7.971699237823486
0.33499807119369507
4.847131252288818
7.707926273345947
7.927221775054932
2.9035239219665527
4.317294597625732
2.2635152339935303
2.881577253341675
0.4228752553462982
1.0972901582717896
5.06910514831543
7.427525043487549
1.9236290454864502
4.224132061004639
7.9509148597717285
2.968101978302002
2.3142054080963135
0.9969618320465088
3.09887957572937
8.06896686553955
8.069443702697754
4.136342525482178
7.908393859863281
3.660966157913208
1.5589061975479126
7.860655307769775
1.958458662033081
3.437412977218628
2.8403658866882324
0.13975784182548523
7.684422492980957
0.48424944281578064
1.4711447954177856
1.72067391872406
0.5366848111152649
4.052900314331055
6.834627151489258
2.3586647510528564
8.02896499633789
6.901914596557617
5.025476932525635
8.296265602111816
8.058810234069824
7.917879581451416
6.868551731109619
7.949208736419678
1.6935491561889648
8.228399276733398
4.3504109382629395
6.339179039001465
7.535947322845459
3.4718973636627197
0.6192205548286438
7.282331466674805
7.378167152404785
3.2353432178497314
0.6478951573371887
1.141538143157959
2.501671314239502
6.272292613983154
1.276496410369873
3.075399160385132
8.403826713562012
7.702904224395752
6.970168590545654
5.751460552215576
1.0534701347351074
8.075322151184082
8.033347129821777
2.3851332664489746
8.114157676696777
0.8475772738456726
8.113008499145508
1.2959201335906982
3.4564530849456787
4.132436275482178
2.4184911251068115
5.315667629241943
7.7125983238220215
8.36755084991455
5.5901923179626465
7.338624954223633
1.3841285705566406
1.5895371437072754
1.9663491249084473
3.610603094100952
4.115232467651367
2.6845695972442627
8.271952629089355
4.161015033721924
7.067174911499023
1.9060001373291016
5.063456058502197
8.337124824523926
8.24041748046875
7.723074436187744
2.3374712467193604
0.6643117666244507
2.1712286472320557
3.1795763969421387
7.436707496643066
2.9313955307006836
1.373159646987915
0.2953139841556549
3.280609369277954
5.189907073974609
1.3743059635162354
8.1010103225708
2.2601420879364014
0.8755630850791931
7.619116306304932
1.5929176807403564
7.918768405914307
7.5506181716918945
3.4079201221466064
2.8692100048065186
2.1414287090301514
7.607514381408691
7.5056562423706055
2.8252031803131104
1.525954008102417
2.2461202144622803
6.135249614715576
2.4970481395721436
7.95916223526001
7.724969387054443
6.4925971031188965
2.213717222213745
3.094449996948242
7.971780300140381
1.9061999320983887
2.6374852657318115
8.093656539916992
4.169565200805664
6.0012383460998535
8.010934829711914
7.770366191864014
8.273344993591309
7.294055938720703
2.935572862625122
3.4809539318084717
1.0129526853561401
3.3661022186279297
7.464836120605469
8.177266120910645
4.204245567321777
4.979300022125244
6.365234851837158
1.7006161212921143
7.461156368255615
4.526828765869141
7.582146167755127
3.5957963466644287
7.36082124710083
1.2413259744644165
7.1388258934021
1.4390156269073486
1.9545190334320068
2.1903464794158936
3.863584280014038
2.1138994693756104
3.120689868927002
6.635692119598389
3.251655101776123
0.8738674521446228
7.532020092010498
4.219092845916748
2.7653861045837402
6.873581409454346
0.6151573657989502
6.0804548263549805
2.7073051929473877
7.464101791381836
1.2723579406738281
4.591060161590576
5.620608806610107
3.460362434387207
6.478147029876709
0.5250502228736877
0.8213885426521301
4.736839771270752
8.016794204711914
1.0964871644973755
4.708363056182861
2.4606001377105713
1.0725774765014648
0.7575753331184387
7.712544918060303
7.6000542640686035
7.198282718658447
7.199281215667725
7.879877090454102
1.242910623550415
2.2362353801727295
1.1405220031738281
6.862223148345947
3.051521062850952
4.671746730804443
8.095097541809082
3.1033031940460205
1.649526834487915
8.081036567687988
1.590759038925171
8.055268287658691
7.013820171356201
3.39207124710083
0.5199183225631714
8.26210880279541
0.9798091650009155
8.322234153747559
8.159443855285645
7.984914302825928
2.2147023677825928
3.339634895324707
1.76724112033844
7.768894195556641
4.651017665863037
1.2845538854599
7.435780048370361
-0.07403085380792618
7.626586437225342
2.113158702850342
2.1317689418792725
0.6267388463020325
1.3139127492904663
6.026587963104248
3.8995282649993896
6.945652961730957
1.4689990282058716
5.264931678771973
8.428618431091309
5.032722473144531
6.2308268547058105
2.0146520137786865
2.1897685527801514
4.420185089111328
3.3782479763031006
8.020606994628906
7.3678975105285645
2.135498523712158
1.0153976678848267
2.9833993911743164
7.815388202667236
0.2708609104156494
8.232598304748535
1.4343866109848022
4.1146559715271
7.127729415893555
1.4424539804458618
1.7461051940917969
3.945707321166992
2.0846030712127686
2.3914663791656494
2.557530403137207
4.104448318481445
3.116663694381714
4.411727428436279
2.348062753677368
5.499471664428711
3.9303371906280518
8.19489574432373
3.0775508880615234
3.870837926864624
0.1515202522277832
8.201726913452148
4.635927677154541
7.755943298339844
3.2100183963775635
8.149541854858398
6.88191556930542
2.8819596767425537
7.600558757781982
2.692795515060425
1.1174304485321045
2.267648696899414
7.293265342712402
3.4037926197052
3.160233736038208
1.3469854593276978
7.761829853057861
3.526730537414551
0.14031127095222473
3.6172006130218506
0.16183403134346008
1.3731658458709717
2.654503583908081
3.13297963142395
1.848527431488037
1.2758787870407104
3.06412672996521
1.4003028869628906
7.171553134918213
6.3106513023376465
2.2279555797576904
1.4404873847961426
2.464409112930298
4.04854679107666
6.8999857902526855
0.7030174136161804
6.991611957550049
2.1453940868377686
5.860531806945801
0.04191800206899643
5.590030193328857
1.614426612854004
1.8658616542816162
3.45762038230896
0.48075664043426514
8.1270170211792
0.6349340081214905
2.1875240802764893
1.7152094841003418
1.530844807624817
2.8377315998077393
7.71140193939209
4.442139148712158
0.43631917238235474
5.324891090393066
4.757830619812012
5.6802897453308105
2.8107521533966064
7.264130115509033
6.114612102508545
2.8199143409729004
6.485349178314209
3.0047378540039062
2.1075966358184814
6.849125385284424
1.725377082824707
7.804018020629883
8.13398265838623
7.837777614593506
4.075076103210449
1.0080913305282593
0.7565043568611145
4.800714015960693
8.073070526123047
0.9983078837394714
4.961179256439209
7.392409801483154
1.7530802488327026
2.5613787174224854
2.823982000350952
0.9063059091567993
1.362140417098999
7.502239227294922
6.668568134307861
4.5132155418396
7.848964691162109
7.735345363616943
2.6609573364257812
7.5928568840026855
5.449181079864502
8.239188194274902
5.435678958892822
2.211141347885132
7.856513500213623
5.089940547943115
1.048220157623291
3.252761125564575
0.542477548122406
8.075970649719238
7.37845516204834
2.044511079788208
3.2065770626068115
8.310699462890625
7.518925189971924
4.998990058898926
2.9306914806365967
2.9346957206726074
2.3937995433807373
2.998340368270874
1.7868008613586426
5.87998628616333
6.614753723144531
5.7426981925964355
1.2371799945831299
6.9710564613342285
7.85815954208374
3.16733717918396
1.568669080734253
7.438255786895752
8.219639778137207
8.176799774169922
7.85219144821167
0.22596845030784607
5.711545944213867
4.770101070404053
3.1195337772369385
5.5000386238098145
8.337882041931152
4.5089192390441895
8.12770938873291
7.319326877593994
4.38190221786499
5.777271270751953
8.001209259033203
5.417686939239502
7.841912746429443
7.894787788391113
4.461165428161621
8.120295524597168
1.6560378074645996
0.9965343475341797
2.4764976501464844
6.200829029083252
7.914357662200928
6.659323215484619
0.733374834060669
7.911296844482422
4.6721577644348145
2.988401412963867
7.400876998901367
6.833275318145752
4.254756927490234
2.5048959255218506
6.517943859100342
0.8949055075645447
3.231329917907715
8.110846519470215
2.7912862300872803
2.2596099376678467
8.13467025756836
2.9850175380706787
6.910751819610596
2.09820294380188
1.3892333507537842
3.080284595489502
6.11448335647583
0.4587176740169525
3.2417590618133545
6.988876819610596
1.9766100645065308
4.706367015838623
7.857141971588135
8.077205657958984
3.3343138694763184
8.204111099243164
2.8939383029937744
3.83089017868042
1.8756495714187622
7.69005823135376
3.8839712142944336
1.0417168140411377
4.490781307220459
0.616624653339386
7.526017189025879
6.130064964294434
1.3003320693969727
4.044589519500732
2.1783149242401123
2.3093957901000977
5.712833404541016
3.09523606300354
5.578657627105713
4.082104682922363
7.4282612800598145
7.162630558013916
8.045437812805176
4.9261603355407715
0.38153907656669617
4.541666030883789
8.08983325958252
7.081047534942627
8.025854110717773
3.265105962753296
6.6962995529174805
4.182276248931885
3.0658459663391113
7.139967441558838
8.126622200012207
3.7149274349212646
1.392578363418579
5.340882778167725
3.3580515384674072
7.851072788238525
5.5711164474487305
5.222245693206787
4.067653656005859
1.6805267333984375
1.021642804145813
2.7780544757843018
1.2968502044677734
7.339042663574219
2.274540662765503
2.1874072551727295
0.690674901008606
8.137154579162598
1.6323442459106445
0.346875935792923
7.190256595611572
0.6499707102775574
6.0477800369262695
3.1002914905548096
6.52073335647583
7.19748067855835
8.054740905761719
7.772276878356934
6.387514114379883
5.273600101470947
4.419135570526123
3.8021442890167236
3.3707046508789062
6.064545154571533
7.265056133270264
3.368117094039917
1.9037927389144897
7.419487476348877
7.836786270141602
5.30501127243042
2.5159811973571777
8.089398384094238
2.0786943435668945
4.290124416351318
3.6206603050231934
4.648136615753174
0.3445265293121338
7.2966108322143555
2.410040855407715
7.809726715087891
2.490949869155884
2.001044511795044
1.3057663440704346
4.131944179534912
5.99041223526001
6.433132171630859
2.4782330989837646
7.215016841888428
0.3556625545024872
2.470688581466675
3.839897871017456
0.48096176981925964
3.1781365871429443
8.017544746398926
1.6291377544403076
3.4917237758636475
4.979642391204834
4.7320122718811035
3.3637101650238037
2.251487970352173
0.5623462796211243
3.95640230178833
8.014665603637695
5.946380138397217
2.8694241046905518
2.779433488845825
8.250518798828125
0.8820321559906006
7.44396448135376
3.0658533573150635
6.869049072265625
5.324612140655518
6.694142818450928
4.971963882446289
2.937372922897339
7.931420803070068
2.053241491317749
0.7453900575637817
5.660774230957031
2.628321647644043
2.130303144454956
3.0890002250671387
8.344873428344727
2.9441444873809814
0.6896767020225525
1.8289790153503418
1.9949414730072021
7.796884059906006
4.136725902557373
1.2720280885696411
7.875848770141602
8.123556137084961
5.744491100311279
6.979416847229004
8.04043960571289
6.354330539703369
1.5925688743591309
7.424655437469482
7.561220645904541
0.6424986720085144
0.9707252383232117
6.25499963760376
2.6431424617767334
2.9972891807556152
0.6030555367469788
0.9192384481430054
2.5708415508270264
8.097818374633789
2.5409743785858154
8.077179908752441
4.394956111907959
8.270705223083496
8.32081413269043
3.1558878421783447
2.03743577003479
3.8259801864624023
8.202659606933594
6.798786163330078
5.02060604095459
3.6269028186798096
1.0013935565948486
5.13161039352417
1.1874895095825195
5.3726396560668945
0.6354263424873352
5.734586715698242
2.2168986797332764
3.6699187755584717
1.1700701713562012
0.8579941391944885
1.7357357740402222
6.184373378753662
7.705663204193115
4.738361835479736
3.8237502574920654
8.258980751037598
5.3278117179870605
4.2327752113342285
0.7623753547668457
4.079691410064697
3.7590463161468506
2.2770497798919678
2.821826696395874
2.577737808227539
0.5215998291969299
6.0968756675720215
2.8647913932800293
0.5266822576522827
7.064674377441406
3.5251407623291016
6.9632039070129395
6.629161357879639
2.3456928730010986
8.008296012878418
7.674825191497803
6.3110270500183105
