3.7635717391967773
9.391233444213867
5.256933689117432
4.064253807067871
3.7641429901123047
6.922025680541992
6.206973075866699
6.216106414794922
4.5423078536987305
7.315499305725098
4.508703231811523
3.384016990661621
9.150083541870117
0.1648683249950409
1.0835193395614624
6.377920627593994
5.344829559326172
8.065580368041992
8.037459373474121
5.256542205810547
7.931358814239502
1.964722752571106
4.707140922546387
8.635586738586426
8.975561141967773
7.561954021453857
8.15730094909668
0.8444453477859497
5.97959041595459
2.592907428741455
4.567251205444336
4.47110652923584
8.736445426940918
5.735589027404785
5.91591215133667
7.668848991394043
9.624138832092285
0.23499232530593872
3.6323657035827637
2.1845946311950684
9.78957462310791
9.295354843139648
0.8267726898193359
1.7908650636672974
9.289408683776855
7.172313690185547
5.917946815490723
6.662888050079346
1.7489900588989258
2.725196599960327
7.056999683380127
8.408602714538574
8.210596084594727
2.751033067703247
8.689513206481934
0.8441144824028015
6.370088577270508
2.4218592643737793
1.9779552221298218
1.9126956462860107
6.773735046386719
2.024193048477173
-0.2160118818283081
6.415384292602539
7.665373802185059
9.434184074401855
1.9132791757583618
9.32335090637207
1.8880609273910522
9.168745040893555
1.0227926969528198
6.115688323974609
3.300177574157715
2.4944798946380615
7.532831192016602
0.9860736131668091
1.7926123142242432
8.618826866149902
3.9676105976104736
8.26564884185791
1.1156857013702393
1.8031898736953735
3.003577947616577
6.021515846252441
5.033520698547363
2.672206163406372
4.684217929840088
2.5189781188964844
8.760746955871582
3.399728775024414
2.580078125
7.766075134277344
8.8339204788208
3.308565378189087
1.2395470142364502
2.652036190032959
7.478261947631836
8.908866882324219
5.275268077850342
4.964783191680908
8.722420692443848
3.7011756896972656
8.502477645874023
8.156432151794434
6.622868537902832
5.809021949768066
9.314523696899414
4.2405781745910645
9.148407936096191
9.336782455444336
4.689929962158203
8.660635948181152
9.383566856384277
9.305460929870605
1.6264911890029907
2.0880398750305176
8.72171688079834
7.884414196014404
3.2082581520080566
3.0892724990844727
1.527666449546814
5.304698944091797
2.1958909034729004
6.915271759033203
7.016282558441162
9.208263397216797
3.116210460662842
4.943032264709473
8.754765510559082
1.5968466997146606
2.2659409046173096
5.581431865692139
7.6866559982299805
6.812290191650391
8.412392616271973
9.42189884185791
8.060002326965332
5.1203508377075195
7.379369258880615
1.7354100942611694
6.999858856201172
3.182772159576416
3.5804800987243652
7.752040863037109
1.4700974225997925
9.239191055297852
8.57808780670166
1.5196641683578491
2.44126033782959
9.174981117248535
2.5876312255859375
3.8303675651550293
8.78282356262207
3.6988844871520996
2.912221908569336
1.8893870115280151
7.911306858062744
2.578023910522461
3.3325228691101074
9.140077590942383
2.690274953842163
9.282384872436523
5.972417831420898
2.5140812397003174
7.962595462799072
4.104836940765381
7.216694355010986
3.100924253463745
2.9703288078308105
0.4443586766719818
8.73845100402832
4.837946891784668
7.297476291656494
7.277080059051514
4.658911228179932
8.862344741821289
0.21935805678367615
1.0565458536148071
6.65811824798584
7.729965686798096
3.714024543762207
2.8363983631134033
4.040342330932617
0.7985073924064636
8.406683921813965
1.819945216178894
9.507683753967285
8.943424224853516
8.000643730163574
2.2427215576171875
9.18779182434082
4.085034370422363
9.058724403381348
2.9586963653564453
6.8351850509643555
3.1283011436462402
0.030468665063381195
1.4552417993545532
4.525014400482178
1.243538737297058
9.340559005737305
2.9724178314208984
2.17991304397583
6.144887924194336
9.4022798538208
3.505513906478882
7.719000339508057
8.09582233428955
5.715813636779785
5.628382682800293
2.459787130355835
8.657144546508789
9.2264986038208
9.187908172607422
1.4914294481277466
1.1740083694458008
9.320528984069824
6.300246238708496
4.929754257202148
2.059295177459717
2.4623818397521973
3.857851028442383
4.02244758605957
3.2130560874938965
1.1253126859664917
6.963253974914551
6.71644401550293
2.5898189544677734
7.346292495727539
6.790258407592773
1.7172422409057617
1.305587887763977
9.562767028808594
3.3872129917144775
8.261910438537598
8.559598922729492
2.299582004547119
4.340419292449951
4.222496509552002
2.2250349521636963
5.326471328735352
0.9615799188613892
2.758528232574463
0.5530528426170349
9.046642303466797
4.040258407592773
8.86976146697998
1.184153437614441
2.2302353382110596
6.752035617828369
1.1666992902755737
5.719123840332031
4.183477401733398
3.2839407920837402
8.953621864318848
0.45762085914611816
7.178849220275879
8.597526550292969
7.316970348358154
9.19174861907959
6.794090270996094
8.248578071594238
1.8325868844985962
2.8030385971069336
6.447002410888672
2.92610239982605
9.003762245178223
3.1842639446258545
7.783038139343262
9.715489387512207
2.8469977378845215
9.060812950134277
1.6371532678604126
6.041569709777832
2.7670514583587646
2.1006569862365723
2.810800075531006
2.087644577026367
8.637068748474121
9.503384590148926
6.408450603485107
7.791716575622559
7.311301231384277
7.537561893463135
4.362251281738281
1.7668602466583252
9.900799751281738
7.358421325683594
8.777259826660156
0.7974147796630859
1.9385881423950195
3.6967689990997314
8.552443504333496
8.457743644714355
7.531451225280762
0.7501895427703857
8.979183197021484
4.278393745422363
8.103306770324707
2.7206056118011475
0.4642709195613861
8.601550102233887
2.3196749687194824
0.9026929140090942
2.0655384063720703
7.406344413757324
2.853846788406372
9.233023643493652
5.2796831130981445
6.15899133682251
2.6845755577087402
9.26992130279541
3.1668953895568848
0.6712579727172852
0.8227083683013916
6.370972156524658
4.261462211608887
7.938033580780029
1.6507691144943237
8.270211219787598
8.581445693969727
2.692772150039673
1.9387199878692627
9.66555118560791
7.684414863586426
-0.28783729672431946
7.182621002197266
3.7667195796966553
2.3040788173675537
1.2365237474441528
8.564513206481934
2.975379228591919
7.475766658782959
1.774002194404602
6.628025531768799
6.471236228942871
5.127884864807129
6.331815242767334
8.436358451843262
4.601659774780273
9.33391284942627
8.02546215057373
0.8299283385276794
2.324528932571411
9.200451850891113
3.8359944820404053
8.17228889465332
3.806793451309204
2.6929636001586914
8.440354347229004
1.8498286008834839
0.8920712471008301
5.375734806060791
1.8108543157577515
8.700135231018066
3.1892552375793457
3.0441277027130127
1.2865153551101685
0.6490931510925293
9.383480072021484
5.752499580383301
8.862139701843262
9.688837051391602
9.445525169372559
0.5392946600914001
6.210817813873291
7.939798355102539
8.97251033782959
2.5477237701416016
5.749835968017578
0.9588888883590698
3.2261834144592285
0.8965455293655396
3.7539865970611572
6.727762222290039
8.411723136901855
1.0696229934692383
5.352352142333984
8.950386047363281
3.554810047149658
2.1075892448425293
0.48149076104164124
2.5717854499816895
9.352131843566895
9.584782600402832
4.298223495483398
9.049943923950195
2.241044282913208
0.9010404348373413
9.590157508850098
2.632307529449463
5.2974853515625
3.0667266845703125
1.1170262098312378
8.592310905456543
2.435929775238037
0.5015443563461304
1.1991759538650513
0.19687455892562866
4.001890182495117
7.121455669403076
2.438368320465088
9.389386177062988
8.712746620178223
6.2749223709106445
9.503540992736816
8.553781509399414
6.842634201049805
7.314748764038086
9.445830345153809
1.3913601636886597
9.317381858825684
5.027584075927734
7.318706512451172
8.478819847106934
6.914590835571289
0.8061910271644592
8.687228202819824
8.895560264587402
1.8852041959762573
2.823045015335083
2.465367078781128
4.017741680145264
6.791801452636719
0.5375860929489136
1.767828106880188
9.5737943649292
8.284053802490234
7.623022079467773
6.5737810134887695
-0.15047016739845276
9.139020919799805
8.519761085510254
2.786202907562256
9.10651969909668
0.7508626580238342
8.229613304138184
1.4013514518737793
3.629063129425049
4.974795818328857
2.1677370071411133
4.95448112487793
9.576081275939941
9.472708702087402
8.485769271850586
8.461322784423828
0.9206558465957642
2.842533588409424
2.028496265411377
3.091442108154297
3.177432060241699
3.0823397636413574
9.859123229980469
2.6259310245513916
8.6863431930542
2.5012929439544678
5.814070701599121
9.142166137695312
9.493525505065918
8.960997581481934
3.4859328269958496
0.5085192322731018
2.039517641067505
3.255200147628784
8.864965438842773
6.660826683044434
0.5687018632888794
0.20270955562591553
4.163215160369873
8.030943870544434
2.2196731567382812
9.4241304397583
2.4776787757873535
2.1837918758392334
8.876336097717285
1.1437268257141113
9.575010299682617
9.108860969543457
4.661645889282227
2.5854549407958984
2.1086676120758057
6.742727279663086
9.013233184814453
3.6925485134124756
0.5094281435012817
2.1396408081054688
8.13132381439209
3.7153754234313965
7.999370574951172
7.187654972076416
5.400158882141113
2.655747413635254
0.46003633737564087
10.35825252532959
1.8783191442489624
3.266775608062744
9.30963134765625
3.1551685333251953
7.407174587249756
9.350518226623535
8.383675575256348
9.543137550354004
9.874711036682129
3.430898427963257
1.453614354133606
2.5277342796325684
6.86545467376709
8.899598121643066
9.055244445800781
3.7426040172576904
7.398158550262451
7.3044610023498535
2.8500189781188965
7.473031520843506
3.060622215270996
7.02424430847168
4.095922946929932
7.850996017456055
2.710948944091797
7.437230587005615
1.8152927160263062
0.32677534222602844
1.9072563648223877
2.3771979808807373
3.40858793258667
1.4709322452545166
7.624399185180664
1.7358676195144653
0.13518404960632324
7.239864826202393
5.08725118637085
2.186406373977661
8.671958923339844
0.9116244912147522
6.148705959320068
3.294452428817749
8.56888484954834
4.106013774871826
6.825988292694092
2.383449077606201
5.887576103210449
7.220365524291992
0.26552698016166687
0.646415650844574
2.8520865440368652
9.329916000366211
1.227120041847229
6.345450401306152
0.7605394124984741
1.3657397031784058
0.672080397605896
8.909371376037598
7.473283767700195
6.541619777679443
7.7476911544799805
9.4282865524292
1.144718885421753
3.180142879486084
0.4559554159641266
8.475396156311035
3.3225176334381104
5.0743303298950195
9.090574264526367
5.203831195831299
2.7800910472869873
8.69660758972168
6.213919639587402
9.190905570983887
8.497428894042969
4.167891979217529
0.06773992627859116
9.788817405700684
0.9434794783592224
9.594828605651855
9.328457832336426
9.84375286102295
2.0374956130981445
5.991020202636719
1.3908087015151978
7.648622989654541
7.405205726623535
0.6483538746833801
9.129096984863281
-0.1890237033367157
6.689578056335449
1.9314264059066772
4.002469539642334
0.8441143035888672
3.564030885696411
6.114983558654785
5.24113655090332
9.230369567871094
1.368844985961914
2.383944034576416
9.547066688537598
5.723058223724365
2.6198596954345703
3.4574923515319824
3.9297733306884766
0.676024317741394
4.018038749694824
8.811468124389648
8.974520683288574
1.7695605754852295
3.5885117053985596
3.7483878135681152
8.785531044006348
-0.02143052965402603
9.465140342712402
2.796635389328003
4.8158979415893555
6.6381402015686035
3.167398452758789
1.851841688156128
2.571441173553467
2.481123924255371
3.601459503173828
3.1391613483428955
4.986976146697998
0.6222637891769409
5.0271477699279785
3.3736047744750977
7.666451454162598
5.995551109313965
9.345449447631836
1.9394489526748657
3.9926037788391113
-0.10722192376852036
9.619038581848145
6.018716812133789
8.711623191833496
4.779700756072998
9.498627662658691
6.849153518676758
3.8759713172912598
9.295660018920898
2.585116386413574
1.277380347251892
3.0035386085510254
7.569358825683594
2.097580909729004
4.084594249725342
1.5931771993637085
8.567273139953613
4.032400131225586
0.37375330924987793
4.531780242919922
1.3477083444595337
2.461625337600708
1.6320607662200928
6.43629264831543
3.4677734375
0.7485893368721008
3.0077590942382812
1.3016623258590698
9.991774559020996
6.623561382293701
3.1452078819274902
1.8635762929916382
4.2061896324157715
3.748537302017212
7.62678861618042
1.0815194845199585
7.974445343017578
4.329251766204834
6.398475646972656
-0.24781888723373413
4.546863555908203
5.438265323638916
1.7861076593399048
3.445003032684326
-0.6979386806488037
9.437907218933105
0.3702374994754791
1.5676120519638062
1.0704363584518433
2.9752025604248047
2.2373294830322266
8.899033546447754
6.067376136779785
-0.392063707113266
4.653208255767822
2.7041990756988525
5.5879411697387695
4.019741535186768
7.693025588989258
7.63203763961792
1.5393028259277344
6.402173042297363
3.981522798538208
1.1053434610366821
8.639616966247559
4.419865131378174
8.998446464538574
9.67174243927002
9.105040550231934
4.272235870361328
0.6709103584289551
1.946292757987976
6.3795270919799805
9.134867668151855
1.2375694513320923
1.2901698350906372
7.611042022705078
2.2771925926208496
2.065992832183838
0.8135389685630798
0.6514581441879272
0.3884156346321106
9.159988403320312
8.85230827331543
3.8218088150024414
7.657505989074707
8.906164169311523
4.180421352386475
9.147276878356934
1.7450578212738037
9.633817672729492
5.303815841674805
3.5479166507720947
9.221827507019043
4.6022515296936035
1.9636646509170532
3.5491504669189453
0.6696131825447083
9.072759628295898
8.46167278289795
2.5752997398376465
4.12641716003418
9.110673904418945
6.427513122558594
6.535388469696045
2.5874271392822266
3.592142343521118
0.6966392993927002
2.040771484375
4.801302909851074
4.218870162963867
5.3584065437316895
4.952606678009033
-0.38614168763160706
8.019984245300293
8.44419002532959
4.527135848999023
0.9183781147003174
9.950902938842773
9.599438667297363
9.53917407989502
8.891608238220215
0.0673922523856163
6.37387752532959
5.9908952713012695
2.6108078956604004
6.92078971862793
7.284852027893066
5.471209526062012
9.325124740600586
8.120220184326172
6.3941330909729
6.847485542297363
9.671529769897461
6.081618309020996
9.501331329345703
9.44362735748291
2.9885361194610596
9.28913688659668
1.4209061861038208
2.965815544128418
3.321211814880371
6.5960211753845215
9.318934440612793
7.3875203132629395
-0.1366042196750641
8.336411476135254
5.045415878295898
5.133606910705566
6.901089668273926
7.3572916984558105
3.5110483169555664
2.900853157043457
6.973660469055176
0.4042733311653137
2.2154297828674316
9.775973320007324
1.687020182609558
3.2524139881134033
8.630241394042969
2.0942842960357666
8.80918025970459
1.9404922723770142
0.6367652416229248
4.820903778076172
5.4572882652282715
0.3672339916229248
2.2369837760925293
7.728672027587891
1.4191850423812866
6.196568489074707
9.058134078979492
9.66005802154541
2.247678279876709
9.70876407623291
3.30067777633667
3.8221893310546875
2.961580276489258
9.459673881530762
6.6659321784973145
1.0419269800186157
5.9331769943237305
0.42822664976119995
8.351252555847168
7.59831428527832
2.732663154602051
3.80522084236145
1.8649319410324097
3.864933729171753
4.742101669311523
3.8620517253875732
6.584835052490234
3.76796555519104
8.353500366210938
8.894427299499512
9.354813575744629
4.220927715301514
0.23581570386886597
4.931700229644775
9.311287879943848
4.727944374084473
8.954888343811035
7.012728214263916
5.751647472381592
4.641285419464111
3.8981919288635254
8.263257026672363
9.23660945892334
2.6785173416137695
1.8460417985916138
4.067017555236816
3.6595187187194824
8.493390083312988
5.53151798248291
6.009456634521484
3.5617494583129883
1.6297012567520142
-0.002079688012599945
3.221736431121826
1.071886658668518
7.7769622802734375
5.627901077270508
4.85617208480835
1.0879430770874023
9.009675979614258
1.447187066078186
1.429378628730774
7.592522144317627
0.26739442348480225
5.8278608322143555
3.2760324478149414
6.5376129150390625
9.03314208984375
9.071022033691406
8.8085298538208
3.7792556285858154
4.997215270996094
4.295341491699219
3.3967599868774414
4.6297712326049805
7.31135368347168
8.542756080627441
3.484959602355957
1.4228798151016235
6.341370105743408
8.038064002990723
3.408621072769165
3.0940072536468506
9.418559074401855
1.9676531553268433
5.2670392990112305
3.3648271560668945
6.975338935852051
-0.8221139311790466
8.4315824508667
2.1888365745544434
9.053722381591797
3.4949588775634766
1.8089743852615356
0.5218364596366882
5.450137615203857
8.02066421508789
7.38109016418457
3.630307912826538
8.568228721618652
0.6919353008270264
3.478379726409912
4.468954086303711
0.17113414406776428
3.6123175621032715
9.212703704833984
2.499079942703247
5.3851118087768555
6.94315242767334
5.685260772705078
2.0019993782043457
0.40769800543785095
0.9389523267745972
6.932568073272705
9.648161888122559
7.259091854095459
3.494626045227051
1.8933311700820923
9.396258354187012
1.6495965719223022
8.73168659210205
3.6794700622558594
7.193823337554932
6.082826137542725
2.3416621685028076
7.2569780349731445
2.194060802459717
9.288521766662598
2.8288140296936035
1.33793044090271
6.831708908081055
3.3575735092163086
1.9946638345718384
3.0625319480895996
9.33795166015625
4.743178844451904
1.6640313863754272
1.1012665033340454
1.6889842748641968
8.010490417480469
6.102433681488037
0.6204562783241272
8.820501327514648
9.34090518951416
6.616946220397949
7.120663642883301
8.900055885314941
8.153510093688965
2.1079983711242676
8.587538719177246
9.215620994567871
0.2358003854751587
0.3118216395378113
7.807205677032471
3.7181482315063477
2.0872931480407715
0.9889124035835266
2.116121530532837
3.035738468170166
9.229498863220215
2.3300325870513916
9.117493629455566
1.8047699928283691
9.53372859954834
9.46869945526123
3.48703670501709
2.4197168350219727
3.860212564468384
9.291132926940918
6.304527282714844
5.607915878295898
4.533846855163574
0.7354979515075684
4.859593868255615
2.302109956741333
6.184211730957031
-0.15611571073532104
6.382239818572998
2.1105029582977295
4.085820198059082
1.2238233089447021
0.9095478057861328
0.972581148147583
6.939545631408691
9.380643844604492
4.42929744720459
6.786398410797119
9.470337867736816
6.684552192687988
4.774970531463623
0.07505465298891068
1.7489285469055176
1.6480659246444702
1.862104058265686
4.411009311676025
2.0571298599243164
0.701217770576477
4.150881767272949
2.6548409461975098
0.36784982681274414
7.996540546417236
4.102219104766846
8.295281410217285
6.068853855133057
3.0323753356933594
8.620006561279297
7.009355068206787
7.332366466522217
