0.5389820337295532
8.156326293945312
2.1807210445404053
3.5331783294677734
3.275707483291626
4.028774261474609
5.0894341468811035
4.966790676116943
2.155301094055176
6.0441179275512695
9.993227005004883
2.8305227756500244
8.637073516845703
0.8831181526184082
0.19631722569465637
4.115485668182373
3.2256925106048584
7.348816871643066
7.588665008544922
9.201370239257812
7.378865718841553
2.0336766242980957
6.724072456359863
4.513359546661377
8.379793167114258
7.338207721710205
8.52939224243164
-0.36204642057418823
2.150235891342163
2.5222108364105225
5.322238445281982
1.0718917846679688
6.016787528991699
3.9196643829345703
3.782816171646118
5.638648509979248
9.93575382232666
-0.13258105516433716
5.877892971038818
2.5696563720703125
10.021570205688477
9.187765121459961
1.0377622842788696
2.297710418701172
8.565573692321777
8.434182167053223
1.5922472476959229
3.571153402328491
2.31262469291687
2.349703550338745
3.209649085998535
8.270723342895508
9.044113159179688
2.151092529296875
8.51076602935791
0.5649241209030151
7.397886753082275
4.060417652130127
3.6615307331085205
-0.5133955478668213
1.9241160154342651
2.1488661766052246
-0.04536846652626991
7.055034160614014
3.079634666442871
8.68710994720459
3.391181707382202
6.650470733642578
3.1250813007354736
10.614887237548828
1.795987606048584
7.597484111785889
2.466970205307007
3.854557991027832
7.1526923179626465
0.03093474730849266
1.110503911972046
7.025093078613281
1.9446877241134644
7.772624492645264
0.4968010187149048
1.4619429111480713
4.496318817138672
5.433416366577148
6.585839748382568
3.491997480392456
4.082292079925537
1.852258563041687
7.425153732299805
3.608241319656372
2.0948798656463623
6.9670281410217285
7.867015361785889
0.8865786194801331
0.6552894115447998
2.349848985671997
5.973630428314209
9.628152847290039
3.0145294666290283
4.884549617767334
8.668329238891602
1.8360509872436523
6.65975284576416
8.681962966918945
8.405945777893066
4.786774158477783
9.745309829711914
4.689972400665283
7.423818111419678
8.242654800415039
6.197348594665527
8.395750045776367
10.274969100952148
8.884913444519043
2.839392900466919
2.0083694458007812
7.2392706871032715
5.158215045928955
3.183934450149536
2.660120725631714
2.186856508255005
3.745284080505371
3.584216356277466
4.2093119621276855
4.106540203094482
9.511186599731445
3.2751481533050537
3.9223897457122803
8.573918342590332
3.1417319774627686
2.5673720836639404
3.48539137840271
6.413128852844238
6.214878082275391
7.000160217285156
9.886506080627441
8.335697174072266
4.9165496826171875
5.46486234664917
-0.08342325687408447
6.6228766441345215
3.310661554336548
2.034508228302002
7.167170524597168
-0.21463236212730408
8.611855506896973
8.98502254486084
1.8183600902557373
1.4127057790756226
9.627140045166016
2.0901589393615723
2.3004872798919678
8.724790573120117
3.099647283554077
2.650538682937622
1.724708080291748
6.262042045593262
4.0160956382751465
4.250688076019287
8.587422370910645
1.2465846538543701
8.62696647644043
6.9343791007995605
0.9282294511795044
7.5383100509643555
2.5083017349243164
7.137175559997559
2.136215925216675
2.4684650897979736
2.1742043495178223
8.571332931518555
3.68554949760437
6.560597896575928
7.018622875213623
5.388676166534424
7.637649059295654
0.20345944166183472
1.0341992378234863
4.977004051208496
3.987823247909546
2.4381487369537354
4.918776988983154
2.4681739807128906
1.2456653118133545
8.724443435668945
1.4001492261886597
8.943930625915527
7.770331859588623
7.684998512268066
1.6646184921264648
8.959310531616211
1.7414493560791016
8.584024429321289
2.097376585006714
5.458697319030762
3.7907004356384277
0.6826100945472717
0.3435709476470947
3.4156765937805176
2.02809739112854
9.091361999511719
2.8398454189300537
1.685425877571106
3.685110330581665
9.965222358703613
3.2582547664642334
4.720129489898682
7.33814811706543
4.705871105194092
5.182367324829102
1.199768304824829
7.986842632293701
7.610645771026611
6.407681465148926
3.1627533435821533
7.117819309234619
9.446882247924805
6.3924970626831055
2.880204200744629
2.2038049697875977
1.4812462329864502
4.488877773284912
4.357606410980225
4.887162208557129
-0.583396315574646
5.69650411605835
7.8410773277282715
1.5304982662200928
9.1128568649292
5.487748146057129
0.9905128479003906
0.21070808172225952
9.269010543823242
5.505524158477783
5.875657558441162
8.257964134216309
2.643872022628784
3.2576820850372314
3.2564353942871094
0.2238086462020874
2.8162620067596436
-0.7236356139183044
2.3997132778167725
0.5845097303390503
10.37280559539795
0.628279447555542
7.819548606872559
0.01321452483534813
2.1056628227233887
5.755065441131592
1.2602229118347168
6.404873847961426
3.3878533840179443
4.1785969734191895
8.03094482421875
-0.09370657801628113
7.889327526092529
7.2898759841918945
7.866020679473877
7.1114726066589355
7.830057621002197
8.746499061584473
1.2039963006973267
2.763270139694214
7.603358268737793
3.69496488571167
8.766183853149414
2.5750937461853027
5.395419597625732
9.7998046875
3.5044047832489014
8.709683418273926
1.8685846328735352
4.331838130950928
2.8745052814483643
1.4957505464553833
1.4778895378112793
1.0132272243499756
6.706248760223389
8.229928016662598
5.679013252258301
5.380560398101807
7.461679935455322
2.8992393016815186
4.914567470550537
2.0851011276245117
8.303976058959961
5.2735514640808105
6.525733947753906
-0.34492406249046326
1.6890852451324463
2.9162282943725586
8.40244197845459
8.402627944946289
7.936032772064209
1.2991304397583008
7.991234302520752
4.006625652313232
6.751091003417969
0.6231539249420166
3.6680219173431396
2.4229302406311035
1.8697028160095215
1.5091999769210815
3.49477219581604
7.6411566734313965
3.131502389907837
8.344724655151367
3.423551321029663
7.337818622589111
3.9867732524871826
9.451833724975586
2.2298195362091064
-0.11892706155776978
0.6641085147857666
5.2481536865234375
4.143864631652832
6.0859198570251465
1.2587780952453613
7.144440650939941
5.807418346405029
2.4174020290374756
0.08384451270103455
9.208517074584961
8.028057098388672
-0.4502940773963928
5.700298309326172
4.152219772338867
2.30076003074646
1.0614819526672363
9.022377014160156
5.051229476928711
7.888978958129883
1.312402367591858
9.281049728393555
4.114664554595947
4.156980037689209
7.9651713371276855
8.96584415435791
5.4708943367004395
9.750579833984375
7.99298620223999
1.541083812713623
2.7666075229644775
8.65589427947998
2.759939432144165
7.621304512023926
4.218033313751221
3.032987117767334
8.671180725097656
2.078265905380249
0.046680744737386703
5.98117208480835
2.031986713409424
7.595484256744385
1.9936342239379883
1.6947522163391113
2.2523043155670166
1.1555125713348389
9.69082260131836
2.990567445755005
8.205728530883789
8.982653617858887
8.931095123291016
-0.855008602142334
5.8886895179748535
7.772810935974121
9.070505142211914
4.354926586151123
3.267101287841797
1.0278325080871582
3.0279314517974854
0.14841842651367188
1.2911462783813477
6.305622577667236
6.0793633460998535
1.5803813934326172
2.9293015003204346
7.620606899261475
2.5204925537109375
2.464463949203491
1.8499770164489746
3.4412801265716553
9.444076538085938
9.38105297088623
3.9473330974578857
5.948519229888916
4.3685832023620605
2.103576898574829
8.596920013427734
1.2359696626663208
2.550417184829712
1.9712045192718506
0.03057938441634178
7.811120986938477
-1.6536035537719727
1.373979091644287
1.9000244140625
-0.2260606288909912
3.897545576095581
6.11763334274292
2.5896174907684326
8.092626571655273
7.010804176330566
4.359218597412109
9.741063117980957
9.471268653869629
7.002567291259766
7.213184833526611
8.921520233154297
2.686464548110962
9.555892944335938
4.648526668548584
6.921009540557861
7.433259963989258
2.8457376956939697
0.8715085983276367
6.675163269042969
7.908541679382324
1.186447262763977
0.7536559104919434
-0.038097504526376724
2.7151429653167725
6.043655872344971
1.0453405380249023
2.886636257171631
10.185346603393555
7.388803958892822
6.316153049468994
6.148971080780029
0.32093584537506104
9.292332649230957
8.706281661987305
2.327446222305298
8.801185607910156
1.0883827209472656
8.02655029296875
0.8340203762054443
3.3657944202423096
2.478532314300537
1.7231011390686035
4.671854019165039
8.79391098022461
9.464509963989258
6.750872611999512
3.9461472034454346
0.9906940460205078
1.0905530452728271
1.8242676258087158
3.5993268489837646
4.871297359466553
1.9927306175231934
9.86720085144043
3.770630121231079
7.503149509429932
2.215317964553833
5.488708019256592
9.31199836730957
7.7378644943237305
7.98401403427124
2.2257258892059326
1.2135202884674072
2.4185636043548584
2.510502338409424
7.390249252319336
3.2456276416778564
0.271950900554657
-1.0696083307266235
1.9782640933990479
6.595938682556152
1.6463173627853394
9.429062843322754
2.973797082901001
1.2170910835266113
7.682784557342529
1.4422500133514404
8.67967414855957
8.444467544555664
3.306830883026123
3.55356764793396
1.821513056755066
8.286081314086914
8.081354141235352
3.376836061477661
1.1793811321258545
1.2351088523864746
6.967103481292725
1.483074426651001
9.30756664276123
8.477473258972168
5.950266361236572
1.7647072076797485
1.8174082040786743
8.747308731079102
1.7738933563232422
1.8158259391784668
8.473522186279297
1.8283857107162476
6.883260250091553
9.033079147338867
9.386957168579102
9.353626251220703
7.0979743003845215
2.607508897781372
2.7418088912963867
0.9681893587112427
4.077578544616699
8.039518356323242
8.98177719116211
3.738685369491577
4.326296329498291
5.9266157150268555
1.4397588968276978
8.252050399780273
3.9841678142547607
7.232040882110596
4.037343502044678
7.983649730682373
2.4814136028289795
6.871050834655762
1.0007256269454956
2.30143666267395
1.5094507932662964
3.1906726360321045
1.7791218757629395
3.003659248352051
7.63497257232666
3.122709274291992
0.8579747676849365
7.445422172546387
4.135225772857666
1.8511223793029785
7.2251176834106445
-0.5193200707435608
3.2506368160247803
2.6417479515075684
8.297004699707031
1.5447533130645752
5.013740062713623
5.327316761016846
1.4371581077575684
7.538899898529053
-0.15884310007095337
0.8655747175216675
5.037600994110107
9.213507652282715
1.1257115602493286
5.113877773284912
2.3454535007476807
1.1405168771743774
0.36810457706451416
8.720663070678711
7.0087809562683105
6.823104381561279
6.3994550704956055
9.132740020751953
0.9410809874534607
2.475179433822632
0.7292836904525757
7.003783702850342
3.1755549907684326
5.858476161956787
9.472826957702637
3.124835252761841
1.8066797256469727
8.562389373779297
0.742057204246521
8.096065521240234
7.322075366973877
2.7530360221862793
0.6392729878425598
9.721999168395996
0.6873406171798706
10.031241416931152
9.685389518737793
9.330782890319824
2.006030559539795
3.004812717437744
1.22011137008667
8.005107879638672
6.107528209686279
1.6825352907180786
8.800922393798828
-0.6064541935920715
7.797231197357178
3.4606549739837646
1.7716344594955444
-0.8454278707504272
1.183053731918335
5.833294868469238
4.131102085113525
7.625189781188965
1.1996145248413086
4.860522270202637
10.23619556427002
3.7666404247283936
2.6929688453674316
1.2263455390930176
2.4039926528930664
2.334587812423706
3.2294130325317383
9.02845573425293
8.356793403625488
2.5908725261688232
0.9140421152114868
3.4356586933135986
8.717278480529785
-1.042393684387207
8.390218734741211
0.6008394956588745
5.392024517059326
6.064180374145508
1.9186818599700928
1.8325529098510742
4.266104698181152
1.6985524892807007
1.5751179456710815
3.322260618209839
3.933819532394409
3.4078128337860107
4.520340919494629
1.8036264181137085
7.131728649139404
4.515469074249268
9.500772476196289
2.7184057235717773
3.7507553100585938
-0.5992695689201355
9.157524108886719
5.987344264984131
8.064057350158691
4.190527439117432
9.487639427185059
6.298701286315918
3.193373441696167
8.08008098602295
2.7243549823760986
0.621624767780304
1.9704792499542236
7.131031513214111
2.689997434616089
3.2626290321350098
1.5161168575286865
8.440238952636719
4.094111919403076
0.6885442733764648
2.9588210582733154
0.21602854132652283
0.7716634273529053
1.5727818012237549
3.350794553756714
0.6785063743591309
1.278001308441162
3.3778393268585205
1.276656150817871
7.517132759094238
6.781272888183594
2.021401882171631
2.6651220321655273
3.4916913509368896
3.383847236633301
4.757393836975098
1.761926531791687
8.157293319702148
1.9257090091705322
5.120691299438477
-0.598723828792572
5.723489284515381
1.7857993841171265
1.8618710041046143
3.262641191482544
-0.08644768595695496
9.863277435302734
0.6064638495445251
1.7813167572021484
1.3331921100616455
1.3623226881027222
3.4573612213134766
8.713005065917969
3.882990598678589
-1.7431344985961914
5.573490142822266
4.552986145019531
4.193784236907959
3.0981035232543945
7.464293003082275
6.362524509429932
1.7298489809036255
6.850650787353516
3.5276076793670654
1.7086931467056274
8.423186302185059
1.195420265197754
8.465551376342773
9.7355318069458
7.913820743560791
4.118868827819824
1.1504194736480713
0.889350950717926
5.424371719360352
9.244483947753906
0.7248619794845581
4.243307113647461
7.746933937072754
3.3712947368621826
1.9897534847259521
1.7268017530441284
0.11451774835586548
1.0158717632293701
7.997543811798096
7.11268949508667
2.201937675476074
7.506086826324463
9.231976509094238
4.180548191070557
8.298117637634277
3.5755608081817627
9.435582160949707
5.657772541046143
2.2966866493225098
9.028873443603516
4.652332305908203
1.3456753492355347
2.8850200176239014
-0.6704593896865845
9.04769229888916
7.263810157775879
2.688278913497925
3.6523821353912354
8.451310157775879
6.8923444747924805
5.43996000289917
3.487971544265747
1.993468999862671
0.661335825920105
3.4708731174468994
1.4997992515563965
4.332312107086182
6.624714374542236
6.888674259185791
0.7402565479278564
6.778028964996338
6.577695369720459
2.797168731689453
1.2505824565887451
5.9988508224487305
8.788398742675781
9.657125473022461
8.71498966217041
-0.47219493985176086
6.226230144500732
5.396665096282959
1.779801368713379
5.955125331878662
9.058989524841309
3.905334234237671
8.239288330078125
7.66723108291626
4.58305549621582
5.62360143661499
9.039947509765625
5.822437286376953
9.196674346923828
8.773164749145508
5.830434799194336
8.77791976928711
1.6303277015686035
1.0787590742111206
0.6881300210952759
5.708959102630615
9.034146308898926
6.74430513381958
-0.0256446935236454
8.649011611938477
4.980774402618408
3.458803415298462
7.810695648193359
6.158593654632568
3.368830680847168
2.8881800174713135
3.7122015953063965
0.08765053749084473
3.4307074546813965
9.226276397705078
0.887671709060669
2.1477649211883545
8.655003547668457
2.587224245071411
6.653045654296875
2.2299273014068604
1.3927135467529297
2.1566169261932373
3.900049924850464
-0.028555158525705338
2.9784939289093018
5.681402683258057
1.368829369544983
5.760861873626709
7.970101833343506
9.677936553955078
3.0236077308654785
9.489191055297852
3.612476110458374
2.7196545600891113
0.6847388744354248
8.046900749206543
4.721575736999512
0.9768531322479248
4.172981262207031
0.6238206624984741
7.221238613128662
6.365779399871826
1.7977211475372314
3.0336878299713135
1.5311172008514404
2.1111409664154053
4.764498710632324
0.6835348010063171
5.960221767425537
2.733362913131714
8.284954071044922
8.09972858428955
9.78209400177002
3.5813982486724854
0.900107204914093
5.313934326171875
8.229169845581055
6.438771724700928
8.406359672546387
3.4632375240325928
7.035616397857666
4.937689304351807
4.351308822631836
7.576501369476318
9.112940788269043
3.5094704627990723
0.9867216348648071
5.040438652038574
4.100186347961426
8.00985336303711
5.8073039054870605
4.9480204582214355
5.325759410858154
-0.048737410455942154
1.0484790802001953
1.796912670135498
0.6392104625701904
8.753988265991211
2.9503424167633057
1.4446182250976562
0.47807955741882324
8.313630104064941
0.2803630828857422
-1.33782958984375
7.0700507164001465
0.4421651065349579
5.816376686096191
2.521554708480835
6.045111179351807
7.965845584869385
9.476694107055664
9.231250762939453
4.636791229248047
5.115301609039307
4.780018329620361
2.4553654193878174
3.658597707748413
5.564169883728027
6.237803936004639
2.7819995880126953
0.7162696123123169
7.036410808563232
8.94070816040039
4.139278888702393
1.941734790802002
8.98636531829834
1.8842748403549194
4.249351978302002
2.94852614402771
5.883565425872803
0.44247913360595703
8.158350944519043
1.6520090103149414
8.512798309326172
2.481670618057251
2.3014097213745117
1.9057239294052124
3.453214406967163
7.127423286437988
5.675694465637207
2.3191967010498047
7.803121089935303
-0.1356610506772995
2.176323652267456
2.8991363048553467
-0.03860858455300331
3.902984857559204
9.070871353149414
0.7704402804374695
1.564690351486206
5.60595703125
5.021174430847168
0.2988017499446869
3.331199884414673
0.5776659846305847
3.8981502056121826
10.130669593811035
5.8621649742126465
3.2043819427490234
3.7205259799957275
9.73814868927002
-1.2746310234069824
7.549591064453125
2.1439316272735596
6.9352030754089355
5.537618160247803
6.143982410430908
5.611663818359375
2.633183479309082
9.234463691711426
2.0807156562805176
-1.4367576837539673
6.812788963317871
1.277039885520935
1.8077698945999146
3.3026561737060547
9.551225662231445
1.8127342462539673
0.8222166895866394
2.5254805088043213
1.1054607629776
8.200508117675781
3.675588607788086
1.3011268377304077
8.386407852172852
9.165307998657227
5.739747047424316
5.947977066040039
9.459555625915527
5.56492280960083
0.8547186255455017
7.793637752532959
8.095808982849121
0.4390326142311096
-0.2054571509361267
7.259840488433838
2.6626274585723877
3.2602670192718506
0.24110084772109985
0.4916613698005676
3.4580729007720947
9.147726058959961
2.5342893600463867
8.068842887878418
3.248969078063965
9.604010581970215
9.61080265045166
2.8144118785858154
1.8551276922225952
3.358421564102173
8.433388710021973
7.312623500823975
5.3849196434021
5.145651817321777
1.2727056741714478
5.627642631530762
1.0059412717819214
5.215059280395508
0.8588538765907288
6.469663143157959
2.672438144683838
2.8624041080474854
1.8882653713226318
0.5143827199935913
2.111574411392212
6.49281120300293
8.714132308959961
4.905981540679932
2.072195053100586
9.469125747680664
5.78278112411499
4.213242530822754
-0.48039162158966064
3.9091923236846924
1.2571231126785278
2.2842938899993896
1.902335286140442
1.9195573329925537
-0.4281582534313202
5.95200252532959
3.08858323097229
0.8293961882591248
7.555521488189697
3.8458468914031982
8.10189437866211
7.854058742523193
2.5463931560516357
8.606108665466309
8.159557342529297
7.213886737823486
